MODEL,DATE,Basin_Subb,Basin_Numb,Basin_Name,Basin_Su_1,ET_MEAN,ET_MEDIAN,ET_PCT25,ET_PCT75,ET_STDDEV,PIXEL_COUNT
SIMS,2025-05-01,4-005,4-005,ACTON VALLEY,ACTON VALLEY,59.434,59.0,51.0,67.0,12.3305,576
SIMS,2025-05-01,6-010,6-010,ADOBE LAKE VALLEY,ADOBE LAKE VALLEY,,,,,,0
SIMS,2025-05-01,1-054.01,1-054,ALEXANDER VALLEY,ALEXANDER VALLEY - ALEXANDER AREA,83.6791,83.0,72.0,95.0,17.1233,39680
SIMS,2025-05-01,1-054.02,1-054,ALEXANDER VALLEY,ALEXANDER VALLEY - CLOVERDALE AREA,89.4099,90.0,79.0,103.0,15.3312,9494
SIMS,2025-05-01,5-002.01,5-002,ALTURAS AREA,ALTURAS AREA - SOUTH FORK PITT RIVER,119.6613,131.0,108.0,140.0,28.1463,159652
SIMS,2025-05-01,5-002.02,5-002,ALTURAS AREA,ALTURAS AREA - WARM SPRINGS VALLEY,115.9593,122.0,99.0,138.0,26.4601,74346
SIMS,2025-05-01,5-010,5-010,AMERICAN VALLEY,AMERICAN VALLEY,149.1902,154.0,145.0,158.0,12.3406,9743
SIMS,2025-05-01,7-016,7-016,AMES VALLEY,AMES VALLEY,,,,,,0
SIMS,2025-05-01,7-034,7-034,AMOS VALLEY,AMOS VALLEY,,,,,,0
SIMS,2025-05-01,1-019,1-019,ANDERSON VALLEY,ANDERSON VALLEY,96.3178,94.0,79.0,112.0,24.0319,5947
SIMS,2025-05-01,1-049,1-049,ANNAPOLIS OHLSON RANCH FORMATION HIGHLANDS,ANNAPOLIS OHLSON RANCH FORMATION HIGHLANDS,85.9851,86.0,79.0,93.0,9.291,2344
SIMS,2025-05-01,5-091,5-091,ANTELOPE CREEK,ANTELOPE CREEK,120.8816,116.0,105.0,139.0,20.5425,1605
SIMS,2025-05-01,6-044,6-044,ANTELOPE VALLEY,ANTELOPE VALLEY,63.0747,35.0,16.0,96.0,60.0972,137181
SIMS,2025-05-01,6-007,6-007,ANTELOPE VALLEY,ANTELOPE VALLEY,140.4056,146.0,125.0,160.0,24.303,48431
SIMS,2025-05-01,3-034,3-034,ARROYO DE LA CRUZ VALLEY,ARROYO DE LA CRUZ VALLEY,101.0242,105.0,91.0,113.0,15.6941,538
SIMS,2025-05-01,2-031,2-031,ARROYO DEL HAMBRE VALLEY,ARROYO DEL HAMBRE VALLEY,,,,,,0
SIMS,2025-05-01,4-007,4-007,ARROYO SANTA ROSA VALLEY,ARROYO SANTA ROSA VALLEY,92.7103,99.0,74.0,118.0,30.2994,7781
SIMS,2025-05-01,7-037,7-037,ARROYO SECO VALLEY,ARROYO SECO VALLEY,,,,,,0
SIMS,2025-05-01,5-054,5-054,ASH VALLEY,ASH VALLEY,108.8085,112.0,97.0,122.0,16.9246,12105
SIMS,2025-05-01,6-026,6-026,AVAWATZ VALLEY,AVAWATZ VALLEY,,,,,,0
SIMS,2025-05-01,3-020,3-020,A�O NUEVO AREA,A�O NUEVO AREA,84.4168,92.0,78.0,100.0,22.3364,1876
SIMS,2025-05-01,9-022,9-022,BATIQUITOS LAGOON VALLEY,BATIQUITOS LAGOON VALLEY,103.7341,106.0,98.0,111.0,10.6653,613
SIMS,2025-05-01,8-009,8-009,BEAR VALLEY,BEAR VALLEY,140.9132,147.0,132.0,154.0,18.7565,219
SIMS,2025-05-01,5-064,5-064,BEAR VALLEY,BEAR VALLEY,151.5373,153.0,148.0,156.0,6.2661,510
SIMS,2025-05-01,5-020,5-020,BERRYESSA VALLEY,BERRYESSA VALLEY,,,,,,0
SIMS,2025-05-01,7-015,7-015,BESSEMER VALLEY,BESSEMER VALLEY,,,,,,0
SIMS,2025-05-01,6-025,6-025,BICYCLE VALLEY,BICYCLE VALLEY,,,,,,0
SIMS,2025-05-01,1-027,1-027,BIG LAGOON AREA,BIG LAGOON AREA,87.8919,88.0,87.0,90.0,4.0053,37
SIMS,2025-05-01,8-007,8-007,BIG MEADOWS VALLEY,BIG MEADOWS VALLEY,,,,,,0
SIMS,2025-05-01,1-045,1-045,BIG RIVER VALLEY,BIG RIVER VALLEY,,,,,,0
SIMS,2025-05-01,3-047,3-047,BIG SPRING AREA,BIG SPRING AREA,30.0675,29.0,27.0,33.0,6.3524,918
SIMS,2025-05-01,5-015,5-015,BIG VALLEY,BIG VALLEY,108.7151,106.0,85.0,133.0,33.085,40965
SIMS,2025-05-01,5-004,5-004,BIG VALLEY,BIG VALLEY,120.9725,127.0,105.0,142.0,25.6439,163078
SIMS,2025-05-01,3-030,3-030,BITTER WATER VALLEY,BITTER WATER VALLEY,64.8229,69.0,49.0,79.0,21.0483,7573
SIMS,2025-05-01,6-013,6-013,BLACK SPRINGS VALLEY,BLACK SPRINGS VALLEY,,,,,,0
SIMS,2025-05-01,5-092,5-092,BLANCHARD VALLEY,BLANCHARD VALLEY,95.2239,96.0,88.0,102.0,13.0309,1130
SIMS,2025-05-01,1-057,1-057,BODEGA BAY AREA,BODEGA BAY AREA,117.3442,120.0,114.0,123.0,8.1435,154
SIMS,2025-05-01,7-024.01,7-024,BORREGO VALLEY,BORREGO VALLEY - BORREGO SPRINGS,61.9505,41.0,6.0,114.0,58.0174,17353
SIMS,2025-05-01,7-024.02,7-024,BORREGO VALLEY,BORREGO VALLEY - OCOTILLO WELLS,47.9167,44.0,37.0,58.0,12.7636,12
SIMS,2025-05-01,1-039,1-039,BRANSCOMB TOWN AREA,BRANSCOMB TOWN AREA,,,,,,0
SIMS,2025-05-01,1-017,1-017,BRAY TOWN AREA,BRAY TOWN AREA,114.7949,114.0,100.0,130.0,19.244,4241
SIMS,2025-05-01,6-008,6-008,BRIDGEPORT VALLEY,BRIDGEPORT VALLEY,118.1007,120.0,104.0,134.0,20.0849,74889
SIMS,2025-05-01,7-008,7-008,BRISTOL VALLEY,BRISTOL VALLEY,136.3968,54.0,16.0,254.0,113.84,7952
SIMS,2025-05-01,5-080,5-080,BRITE VALLEY,BRITE VALLEY,85.7183,66.0,59.0,117.5,41.3424,1324
SIMS,2025-05-01,6-032,6-032,BROADWELL VALLEY,BROADWELL VALLEY,,,,,,0
SIMS,2025-05-01,6-076,6-076,BROWN MOUNTAIN VALLEY,BROWN MOUNTAIN VALLEY,,,,,,0
SIMS,2025-05-01,7-054,7-054,BUCK RIDGE FAULT VALLEY,BUCK RIDGE FAULT VALLEY,,,,,,0
SIMS,2025-05-01,6-101,6-101,BULL FLAT,BULL FLAT,93.0417,97.5,82.0,104.0,14.7266,48
SIMS,2025-05-01,5-048,5-048,BURNEY CREEK VALLEY,BURNEY CREEK VALLEY,128.8631,136.0,109.0,148.0,22.8058,6852
SIMS,2025-05-01,5-017,5-017,BURNS VALLEY,BURNS VALLEY,93.6138,94.0,81.0,107.0,21.987,1727
SIMS,2025-05-01,5-051,5-051,BUTTE CREEK VALLEY,BUTTE CREEK VALLEY,,,,,,0
SIMS,2025-05-01,1-003,1-003,BUTTE VALLEY,BUTTE VALLEY,88.0611,90.0,40.0,137.0,47.5654,149389
SIMS,2025-05-01,6-081,6-081,BUTTE VALLEY,BUTTE VALLEY,,,,,,0
SIMS,2025-05-01,6-070,6-070,CACTUS FLAT,CACTUS FLAT,,,,,,0
SIMS,2025-05-01,7-007,7-007,CADIZ VALLEY,CADIZ VALLEY,,,,,,0
SIMS,2025-05-01,6-090,6-090,CADY FAULT AREA,CADY FAULT AREA,,,,,,0
SIMS,2025-05-01,9-006,9-006,CAHUILLA VALLEY,CAHUILLA VALLEY,84.4529,82.0,71.0,100.0,22.6866,6233
SIMS,2025-05-01,6-079,6-079,CALIFORNIA VALLEY,CALIFORNIA VALLEY,,,,,,0
SIMS,2025-05-01,7-041,7-041,CALZONA VALLEY,CALZONA VALLEY,,,,,,0
SIMS,2025-05-01,6-061,6-061,CAMEO AREA,CAMEO AREA,,,,,,0
SIMS,2025-05-01,9-028,9-028,CAMPO VALLEY,CAMPO VALLEY,94.1157,91.0,85.0,101.0,13.7247,121
SIMS,2025-05-01,7-046,7-046,CANEBRAKE VALLEY,CANEBRAKE VALLEY,,,,,,0
SIMS,2025-05-01,3-007,3-007,CARMEL VALLEY,CARMEL VALLEY,99.3921,106.0,88.0,115.0,20.1005,1270
SIMS,2025-05-01,3-018,3-018,CARPINTERIA,CARPINTERIA,113.0354,121.0,110.0,125.0,20.5589,11885
SIMS,2025-05-01,3-019,3-019,CARRIZO PLAIN,CARRIZO PLAIN,25.7368,17.0,8.0,36.0,23.3931,22717
SIMS,2025-05-01,6-006,6-006,CARSON VALLEY,CARSON VALLEY,148.7349,154.0,140.0,164.0,20.1999,10488
SIMS,2025-05-01,5-029,5-029,CASTAC LAKE VALLEY,CASTAC LAKE VALLEY,110.9929,114.0,98.0,125.0,18.4579,845
SIMS,2025-05-01,2-008,2-008,CASTRO VALLEY,CASTRO VALLEY,,,,,,0
SIMS,2025-05-01,6-038,6-038,CAVES CANYON VALLEY,CAVES CANYON VALLEY,,,,,,0
SIMS,2025-05-01,5-045,5-045,CAYTON VALLEY,CAYTON VALLEY,141.3638,146.0,136.0,154.0,20.4109,4250
SIMS,2025-05-01,3-038,3-038,CAYUCOS VALLEY,CAYUCOS VALLEY,,,,,,0
SIMS,2025-05-01,7-043,7-043,CHEMEHUEVI VALLEY,CHEMEHUEVI VALLEY,,,,,,0
SIMS,2025-05-01,7-032,7-032,CHOCOLATE VALLEY,CHOCOLATE VALLEY,54.6094,41.0,37.0,65.5,38.6465,64
SIMS,2025-05-01,3-005,3-005,CHOLAME VALLEY,CHOLAME VALLEY,71.6352,59.0,30.0,104.0,50.8587,17691
SIMS,2025-05-01,3-042,3-042,CHORRO VALLEY,CHORRO VALLEY,90.8934,94.0,71.0,115.0,28.8772,1295
SIMS,2025-05-01,5-061,5-061,CHROME TOWN AREA,CHROME TOWN AREA,102.9726,101.0,89.0,119.0,19.4595,511
SIMS,2025-05-01,7-005,7-005,CHUCKWALLA VALLEY,CHUCKWALLA VALLEY,100.7144,126.0,6.0,156.0,68.4124,4472
SIMS,2025-05-01,2-005,2-005,CLAYTON VALLEY,CLAYTON VALLEY,145.2851,153.0,138.0,160.0,21.9236,649
SIMS,2025-05-01,5-066,5-066,CLEAR LAKE CACHE FORMATION,CLEAR LAKE CACHE FORMATION,101.7945,104.0,92.0,113.0,14.8122,939
SIMS,2025-05-01,5-058,5-058,CLOVER VALLEY,CLOVER VALLEY,122.9502,126.0,114.0,136.0,17.4189,1606
SIMS,2025-05-01,7-021.03,7-021,COACHELLA VALLEY,COACHELLA VALLEY - DESERT HOT SPRINGS,119.6748,135.0,47.0,184.0,69.1662,2651
SIMS,2025-05-01,7-021.01,7-021,COACHELLA VALLEY,COACHELLA VALLEY - INDIO,119.615,127.0,43.0,186.0,74.2773,289391
SIMS,2025-05-01,7-021.02,7-021,COACHELLA VALLEY,COACHELLA VALLEY - MISSION CREEK,105.3812,82.0,49.0,176.0,60.8841,968
SIMS,2025-05-01,7-021.04,7-021,COACHELLA VALLEY,COACHELLA VALLEY - SAN GORGONIO PASS,147.2789,162.0,131.0,171.0,33.2537,355
SIMS,2025-05-01,4-011.04,4-011,COASTAL PLAIN OF LOS ANGELES,COASTAL PLAIN OF LOS ANGELES - CENTRAL,103.234,111.0,95.0,119.0,23.2208,6850
SIMS,2025-05-01,4-011.02,4-011,COASTAL PLAIN OF LOS ANGELES,COASTAL PLAIN OF LOS ANGELES - HOLLYWOOD,49.1022,45.0,38.0,56.0,16.7043,323
SIMS,2025-05-01,4-011.01,4-011,COASTAL PLAIN OF LOS ANGELES,COASTAL PLAIN OF LOS ANGELES - SANTA MONICA,114.4134,117.0,109.0,123.0,12.2591,4180
SIMS,2025-05-01,4-011.03,4-011,COASTAL PLAIN OF LOS ANGELES,COASTAL PLAIN OF LOS ANGELES - WEST COAST,94.53,105.0,80.0,113.0,25.2378,3996
SIMS,2025-05-01,8-001,8-001,COASTAL PLAIN OF ORANGE COUNTY,COASTAL PLAIN OF ORANGE COUNTY,91.2856,103.0,71.0,116.0,31.6666,23784
SIMS,2025-05-01,9-033,9-033,COASTAL PLAIN OF SAN DIEGO,COASTAL PLAIN OF SAN DIEGO,90.835,101.0,71.0,115.0,28.9129,3461
SIMS,2025-05-01,6-072,6-072,COLES FLAT,COLES FLAT,,,,,,0
SIMS,2025-05-01,5-019,5-019,COLLAYOMI VALLEY,COLLAYOMI VALLEY,101.8336,97.0,86.0,121.0,25.4592,3841
SIMS,2025-05-01,7-055,7-055,COLLINS VALLEY,COLLINS VALLEY,,,,,,0
SIMS,2025-05-01,4-010,4-010,CONEJO,CONEJO,111.3614,116.0,104.0,125.0,17.4505,498
SIMS,2025-05-01,7-011,7-011,COPPER MOUNTAIN VALLEY,COPPER MOUNTAIN VALLEY,,,,,,0
SIMS,2025-05-01,3-002.01,3-002,CORRALITOS,CORRALITOS - PAJARO VALLEY,82.1044,85.0,52.0,109.0,33.1374,108131
SIMS,2025-05-01,3-002.02,3-002,CORRALITOS,CORRALITOS - PURISIMA HIGHLANDS,99.1348,94.0,85.0,115.5,19.063,460
SIMS,2025-05-01,6-055,6-055,COSO VALLEY,COSO VALLEY,,,,,,0
SIMS,2025-05-01,1-037,1-037,COTTONEVA CREEK VALLEY,COTTONEVA CREEK VALLEY,,,,,,0
SIMS,2025-05-01,9-027,9-027,COTTONWOOD VALLEY,COTTONWOOD VALLEY,129.2857,142.5,102.0,160.0,38.3,70
SIMS,2025-05-01,1-011,1-011,COVELO ROUND VALLEY,COVELO ROUND VALLEY,149.5364,155.0,141.0,163.0,17.9137,36460
SIMS,2025-05-01,6-091,6-091,COW HEAD LAKE VALLEY,COW HEAD LAKE VALLEY,100.3882,102.0,82.0,119.0,24.5988,15635
SIMS,2025-05-01,6-037,6-037,COYOTE LAKE VALLEY,COYOTE LAKE VALLEY,62.1317,42.0,42.0,44.0,64.1733,835
SIMS,2025-05-01,5-018,5-018,COYOTE VALLEY,COYOTE VALLEY,119.3908,117.0,94.0,147.0,31.3448,6530
SIMS,2025-05-01,7-029,7-029,COYOTE WELLS VALLEY,COYOTE WELLS VALLEY,2.675,2.0,2.0,2.0,4.0273,80
SIMS,2025-05-01,6-035,6-035,CRONISE VALLEY,CRONISE VALLEY,,,,,,0
SIMS,2025-05-01,6-050,6-050,CUDDEBACK VALLEY,CUDDEBACK VALLEY,,,,,,0
SIMS,2025-05-01,5-082,5-082,CUDDY CANYON VALLEY,CUDDY CANYON VALLEY,,,,,,0
SIMS,2025-05-01,5-083,5-083,CUDDY RANCH AREA,CUDDY RANCH AREA,,,,,,0
SIMS,2025-05-01,5-084,5-084,CUDDY VALLEY,CUDDY VALLEY,110.875,113.0,108.0,116.0,6.3035,16
SIMS,2025-05-01,5-027,5-027,CUMMINGS VALLEY,CUMMINGS VALLEY,65.3242,56.0,50.0,69.0,34.0956,11050
SIMS,2025-05-01,3-013,3-013,CUYAMA VALLEY,CUYAMA VALLEY,36.1533,26.0,7.0,45.0,37.8233,153558
SIMS,2025-05-01,7-009,7-009,DALE VALLEY,DALE VALLEY,14.0,14.0,14.0,14.0,0.0,152
SIMS,2025-05-01,6-057,6-057,DARWIN VALLEY,DARWIN VALLEY,,,,,,0
SIMS,2025-05-01,7-061,7-061,DAVIES VALLEY,DAVIES VALLEY,,,,,,0
SIMS,2025-05-01,7-013.01,7-013,DEADMAN VALLEY,DEADMAN VALLEY - DEADMAN LAKE,,,,,,0
SIMS,2025-05-01,7-013.02,7-013,DEADMAN VALLEY,DEADMAN VALLEY - SURPRISE SPRING,,,,,,0
SIMS,2025-05-01,6-018,6-018,DEATH VALLEY,DEATH VALLEY,113.9286,113.5,92.0,140.0,29.963,14
SIMS,2025-05-01,6-015,6-015,DEEP SPRINGS VALLEY,DEEP SPRINGS VALLEY,140.663,165.0,86.0,188.0,55.535,635
SIMS,2025-05-01,6-078,6-078,DENNING SPRING VALLEY,DENNING SPRING VALLEY,,,,,,0
SIMS,2025-05-01,1-034,1-034,DINSMORES TOWN AREA,DINSMORES TOWN AREA,101.0118,100.0,93.0,110.0,12.4575,85
SIMS,2025-05-01,5-053,5-053,DIXIE VALLEY,DIXIE VALLEY,123.0367,127.0,110.0,138.0,19.0378,11447
SIMS,2025-05-01,2-040,2-040,DOWNTOWN,DOWNTOWN,,,,,,0
SIMS,2025-05-01,5-049,5-049,DRY BURNEY CREEK VALLEY,DRY BURNEY CREEK VALLEY,,,,,,0
SIMS,2025-05-01,3-029,3-029,DRY LAKE VALLEY,DRY LAKE VALLEY,83.9722,84.0,81.0,87.0,7.3551,540
SIMS,2025-05-01,6-095,6-095,DRY VALLEY,DRY VALLEY,,,,,,0
SIMS,2025-05-01,6-096,6-096,EAGLE LAKE AREA,EAGLE LAKE AREA,,,,,,0
SIMS,2025-05-01,7-033,7-033,EAST SALTON SEA,EAST SALTON SEA,68.9857,43.0,9.0,122.0,66.3342,40107
SIMS,2025-05-01,1-044,1-044,EDEN VALLEY,EDEN VALLEY,126.7853,128.0,114.0,142.0,21.1418,1644
SIMS,2025-05-01,1-010,1-010,EEL RIVER VALLEY,EEL RIVER VALLEY,88.9503,91.0,86.0,95.0,10.9702,117881
SIMS,2025-05-01,5-041,5-041,EGG LAKE VALLEY,EGG LAKE VALLEY,,,,,,0
SIMS,2025-05-01,9-016,9-016,EL CAJON VALLEY,EL CAJON VALLEY,72.6207,78.0,65.0,83.0,14.4971,29
SIMS,2025-05-01,6-043,6-043,EL MIRAGE VALLEY,EL MIRAGE VALLEY,16.8192,12.0,4.0,25.0,16.5817,3059
SIMS,2025-05-01,5-062,5-062,ELK CREEK AREA,ELK CREEK AREA,106.6761,107.5,91.0,121.0,24.1336,142
SIMS,2025-05-01,8-004.02,8-004,ELSINORE,ELSINORE - BEDFORD-COLDWATER,119.8963,129.0,113.0,135.0,24.6165,1147
SIMS,2025-05-01,8-004.01,8-004,ELSINORE,ELSINORE - ELSINORE VALLEY,61.5238,54.0,43.0,85.0,35.3268,105
SIMS,2025-05-01,9-009,9-009,ESCONDIDO VALLEY,ESCONDIDO VALLEY,69.1,70.0,49.0,89.0,18.5011,10
SIMS,2025-05-01,1-009,1-009,EUREKA PLAIN,EUREKA PLAIN,91.7446,93.0,89.0,96.0,5.9156,20877
SIMS,2025-05-01,6-016,6-016,EUREKA VALLEY,EUREKA VALLEY,,,,,,0
SIMS,2025-05-01,1-022,1-022,FAIRCHILD SWAMP VALLEY,FAIRCHILD SWAMP VALLEY,,,,,,0
SIMS,2025-05-01,5-005,5-005,FALL RIVER VALLEY,FALL RIVER VALLEY,131.0017,141.0,114.0,154.0,29.5383,134035
SIMS,2025-05-01,7-002,7-002,FENNER VALLEY,FENNER VALLEY,,,,,,0
SIMS,2025-05-01,6-014,6-014,FISH LAKE VALLEY,FISH LAKE VALLEY,190.3727,209.0,194.0,218.0,45.9484,14334
SIMS,2025-05-01,3-053,3-053,FOOTHILL,FOOTHILL,103.1471,104.0,92.0,118.0,15.8191,34
SIMS,2025-05-01,1-021,1-021,FORT BRAGG TERRACE AREA,FORT BRAGG TERRACE AREA,121.752,124.0,113.0,132.0,13.4773,9491
SIMS,2025-05-01,1-061,1-061,FORT ROSS TERRACE DEPOSITS,FORT ROSS TERRACE DEPOSITS,117.7014,118.0,112.0,124.0,7.8008,1075
SIMS,2025-05-01,6-046,6-046,FREMONT VALLEY,FREMONT VALLEY,102.6576,104.5,68.0,134.0,52.1691,1796
SIMS,2025-05-01,5-090,5-090,FUNKS CREEK,FUNKS CREEK,134.4759,135.0,122.0,147.0,18.7987,3278
SIMS,2025-05-01,1-032,1-032,GARBERVILLE TOWN AREA,GARBERVILLE TOWN AREA,112.5038,111.0,106.0,121.0,10.4223,530
SIMS,2025-05-01,1-020,1-020,GARCIA RIVER VALLEY,GARCIA RIVER VALLEY,113.3798,120.0,104.0,127.0,19.2303,2788
SIMS,2025-05-01,3-003.01,3-003,GILROY-HOLLISTER VALLEY,GILROY-HOLLISTER VALLEY - LLAGAS AREA,75.497,68.0,45.0,100.0,36.3734,75678
SIMS,2025-05-01,3-003.05,3-003,GILROY-HOLLISTER VALLEY,GILROY-HOLLISTER VALLEY - NORTH SAN BENITO,77.0834,71.0,42.0,106.0,40.0776,194517
SIMS,2025-05-01,6-085,6-085,GOLD VALLEY,GOLD VALLEY,,,,,,0
SIMS,2025-05-01,6-048,6-048,GOLDSTONE VALLEY,GOLDSTONE VALLEY,,,,,,0
SIMS,2025-05-01,3-016,3-016,GOLETA,GOLETA,99.2264,101.0,92.0,115.0,20.4929,3145
SIMS,2025-05-01,5-001.02,5-001,GOOSE LAKE,GOOSE LAKE - FANDANGO VALLEY,116.3368,123.0,99.0,135.0,22.4705,29101
SIMS,2025-05-01,5-001.01,5-001,GOOSE LAKE,GOOSE LAKE - GOOSE VALLEY,118.1127,122.0,108.0,133.0,18.5685,55899
SIMS,2025-05-01,5-047,5-047,GOOSE VALLEY,GOOSE VALLEY,115.6616,121.0,90.0,144.0,33.7212,15463
SIMS,2025-05-01,6-077,6-077,GRASS VALLEY,GRASS VALLEY,,,,,,0
SIMS,2025-05-01,6-094,6-094,GRASSHOPPER VALLEY,GRASSHOPPER VALLEY,106.3174,107.0,96.0,116.0,13.5042,3733
SIMS,2025-05-01,1-048,1-048,GRAVELLY VALLEY,GRAVELLY VALLEY,,,,,,0
SIMS,2025-05-01,5-052,5-052,GRAYS VALLEY,GRAYS VALLEY,,,,,,0
SIMS,2025-05-01,6-084,6-084,GREENWATER VALLEY,GREENWATER VALLEY,,,,,,0
SIMS,2025-05-01,5-059,5-059,GRIZZLY VALLEY,GRIZZLY VALLEY,,,,,,0
SIMS,2025-05-01,2-022,2-022,HALF MOON BAY TERRACE,HALF MOON BAY TERRACE,84.2979,92.0,61.0,103.0,22.7183,8532
SIMS,2025-05-01,1-015,1-015,HAPPY CAMP TOWN AREA,HAPPY CAMP TOWN AREA,122.9899,125.0,117.0,130.0,8.1284,99
SIMS,2025-05-01,6-047,6-047,HARPER VALLEY,HARPER VALLEY,85.26,55.0,16.0,161.0,73.4871,5623
SIMS,2025-05-01,6-074,6-074,HARRISBURG FLATS,HARRISBURG FLATS,,,,,,0
SIMS,2025-05-01,6-093,6-093,HARVEY VALLEY,HARVEY VALLEY,,,,,,0
SIMS,2025-05-01,1-006,1-006,HAYFORK VALLEY,HAYFORK VALLEY,112.6561,113.0,94.0,136.0,26.8739,3103
SIMS,2025-05-01,7-048,7-048,HELENDALE FAULT VALLEY,HELENDALE FAULT VALLEY,,,,,,0
SIMS,2025-05-01,8-006,8-006,HEMET LAKE VALLEY,HEMET LAKE VALLEY,,,,,,0
SIMS,2025-05-01,3-031,3-031,HERNANDEZ VALLEY,HERNANDEZ VALLEY,89.4627,93.0,76.0,105.0,23.68,389
SIMS,2025-05-01,1-036,1-036,HETTENSHAW VALLEY,HETTENSHAW VALLEY,119.4143,124.0,110.0,133.0,18.6003,2199
SIMS,2025-05-01,7-053,7-053,HEXIE MOUNTAIN AREA,HEXIE MOUNTAIN AREA,,,,,,0
SIMS,2025-05-01,6-063,6-063,HIDDEN VALLEY,HIDDEN VALLEY,,,,,,0
SIMS,2025-05-01,4-016,4-016,HIDDEN VALLEY,HIDDEN VALLEY,92.7586,95.0,83.0,107.0,19.6416,3740
SIMS,2025-05-01,5-016,5-016,HIGH VALLEY,HIGH VALLEY,121.45,127.0,105.0,139.0,25.0487,2780
SIMS,2025-05-01,6-004,6-004,HONEY LAKE VALLEY,HONEY LAKE VALLEY,111.1853,121.0,87.0,140.0,35.312,188505
SIMS,2025-05-01,1-029,1-029,HONEYDEW TOWN AREA,HONEYDEW TOWN AREA,96.2787,97.0,93.0,102.0,8.4624,1141
SIMS,2025-05-01,1-007,1-007,HOOPA VALLEY,HOOPA VALLEY,115.4447,120.0,109.0,124.0,12.4216,778
SIMS,2025-05-01,6-097,6-097,HORSE LAKE VALLEY,HORSE LAKE VALLEY,121.713,125.0,115.0,132.0,14.5518,4334
SIMS,2025-05-01,5-040,5-040,HOT SPRINGS VALLEY,HOT SPRINGS VALLEY,129.5149,131.0,112.0,146.0,20.7881,3263
SIMS,2025-05-01,3-045,3-045,HUASNA VALLEY,HUASNA VALLEY,94.2129,92.0,70.0,123.0,31.0525,3363
SIMS,2025-05-01,5-060,5-060,HUMBUG VALLEY,HUMBUG VALLEY,141.2511,146.0,138.0,150.0,12.9141,1175
SIMS,2025-05-01,4-018,4-018,HUNGRY VALLEY,HUNGRY VALLEY,,,,,,0
SIMS,2025-05-01,1-035,1-035,HYAMPOM VALLEY,HYAMPOM VALLEY,100.9442,101.0,87.0,117.0,19.6837,502
SIMS,2025-05-01,7-030,7-030,IMPERIAL VALLEY,IMPERIAL VALLEY,147.8597,175.0,91.0,203.0,69.1929,1784977
SIMS,2025-05-01,5-009,5-009,INDIAN VALLEY,INDIAN VALLEY,143.8366,149.0,142.0,153.0,16.0745,44577
SIMS,2025-05-01,6-054,6-054,INDIAN WELLS VALLEY,INDIAN WELLS VALLEY,121.02,110.0,83.0,185.0,57.5617,14576
SIMS,2025-05-01,7-050,7-050,IRON RIDGE AREA,IRON RIDGE AREA,,,,,,0
SIMS,2025-05-01,2-033,2-033,ISLAIS VALLEY,ISLAIS VALLEY,,,,,,0
SIMS,2025-05-01,6-030,6-030,IVANPAH VALLEY,IVANPAH VALLEY,84.1258,83.0,74.0,93.0,16.8882,914
SIMS,2025-05-01,7-047,7-047,JACUMBA VALLEY,JACUMBA VALLEY,,,,,,0
SIMS,2025-05-01,5-003,5-003,JESS VALLEY,JESS VALLEY,129.8139,134.0,128.0,137.0,13.2225,15648
SIMS,2025-05-01,7-018.01,7-018,JOHNSON VALLEY,JOHNSON VALLEY - SOGGY LAKE,39.0,39.0,39.0,39.0,0.0,60
SIMS,2025-05-01,7-018.02,7-018,JOHNSON VALLEY,JOHNSON VALLEY - UPPER JOHNSON VALLEY,,,,,,0
SIMS,2025-05-01,5-086,5-086,JOSEPH CREEK,JOSEPH CREEK,125.7317,131.0,116.0,138.0,15.0087,4662
SIMS,2025-05-01,7-062,7-062,JOSHUA TREE,JOSHUA TREE,,,,,,0
SIMS,2025-05-01,6-089,6-089,KANE WASH AREA,KANE WASH AREA,,,,,,0
SIMS,2025-05-01,6-069,6-069,KELSO LANDER VALLEY,KELSO LANDER VALLEY,,,,,,0
SIMS,2025-05-01,6-031,6-031,KELSO VALLEY,KELSO VALLEY,,,,,,0
SIMS,2025-05-01,2-019,2-019,KENWOOD VALLEY,KENWOOD VALLEY,99.0106,93.0,80.0,112.0,27.5961,5642
SIMS,2025-05-01,5-025,5-025,KERN RIVER VALLEY,KERN RIVER VALLEY,169.8865,185.0,156.0,201.0,45.9104,15060
SIMS,2025-05-01,1-002.02,1-002,KLAMATH RIVER VALLEY,KLAMATH RIVER VALLEY - LOWER KLAMATH,87.4595,88.0,53.0,126.0,41.2527,93326
SIMS,2025-05-01,1-002.01,1-002,KLAMATH RIVER VALLEY,KLAMATH RIVER VALLEY - TULELAKE,97.0942,100.0,46.0,148.0,48.5742,296359
SIMS,2025-05-01,1-050,1-050,KNIGHTS VALLEY,KNIGHTS VALLEY,89.8956,90.0,79.0,104.0,20.9392,7320
SIMS,2025-05-01,5-007,5-007,LAKE ALMANOR VALLEY,LAKE ALMANOR VALLEY,114.6029,114.0,102.0,129.0,17.6642,2619
SIMS,2025-05-01,5-046,5-046,LAKE BRITTON AREA,LAKE BRITTON AREA,137.6092,141.0,132.0,147.0,12.7331,435
SIMS,2025-05-01,7-001,7-001,LANFAIR VALLEY,LANFAIR VALLEY,,,,,,0
SIMS,2025-05-01,6-036.02,6-036,LANGFORD VALLEY,LANGFORD VALLEY - IRWIN,,,,,,0
SIMS,2025-05-01,6-036.01,6-036,LANGFORD VALLEY,LANGFORD VALLEY - LANGFORD WELL LAKE,,,,,,0
SIMS,2025-05-01,1-033,1-033,LARABEE VALLEY,LARABEE VALLEY,111.1659,109.0,104.0,119.0,8.3044,211
SIMS,2025-05-01,4-008,4-008,LAS POSAS VALLEY,LAS POSAS VALLEY,96.7842,101.0,83.0,115.0,25.4532,90518
SIMS,2025-05-01,5-057,5-057,LAST CHANCE CREEK VALLEY,LAST CHANCE CREEK VALLEY,,,,,,0
SIMS,2025-05-01,7-014,7-014,LAVIC VALLEY,LAVIC VALLEY,,,,,,0
SIMS,2025-05-01,1-012,1-012,LAYTONVILLE VALLEY,LAYTONVILLE VALLEY,141.8352,144.0,137.0,149.0,9.604,5001
SIMS,2025-05-01,6-027,6-027,LEACH VALLEY,LEACH VALLEY,,,,,,0
SIMS,2025-05-01,6-066,6-066,LEE FLAT,LEE FLAT,,,,,,0
SIMS,2025-05-01,6-106,6-106,LITTLE ANTELOPE VALLEY,LITTLE ANTELOPE VALLEY,107.5642,108.0,99.0,117.0,13.7474,1829
SIMS,2025-05-01,5-065,5-065,LITTLE INDIAN VALLEY,LITTLE INDIAN VALLEY,99.9444,99.0,96.0,106.0,7.2147,18
SIMS,2025-05-01,1-013,1-013,LITTLE LAKE VALLEY,LITTLE LAKE VALLEY,147.6669,151.0,142.0,156.0,11.9529,16188
SIMS,2025-05-01,1-041,1-041,LITTLE VALLEY,LITTLE VALLEY,135.5091,135.0,132.0,139.0,4.6123,717
SIMS,2025-05-01,2-010,2-010,LIVERMORE VALLEY,LIVERMORE VALLEY,83.5703,80.0,67.0,96.0,28.3433,30954
SIMS,2025-05-01,2-038,2-038,LOBOS,LOBOS,119.9163,122.0,115.0,127.0,10.3416,741
SIMS,2025-05-01,3-006,3-006,LOCKWOOD VALLEY,LOCKWOOD VALLEY,40.3956,37.0,24.0,57.0,20.4537,22953
SIMS,2025-05-01,4-017,4-017,LOCKWOOD VALLEY,LOCKWOOD VALLEY,26.2632,31.0,12.0,35.0,11.3631,95
SIMS,2025-05-01,6-011,6-011,LONG VALLEY,LONG VALLEY,108.826,108.0,94.0,124.0,19.5424,28617
SIMS,2025-05-01,5-044,5-044,LONG VALLEY,LONG VALLEY,,,,,,0
SIMS,2025-05-01,6-104,6-104,LONG VALLEY,LONG VALLEY,117.5905,127.0,100.5,141.0,31.218,6472
SIMS,2025-05-01,5-031,5-031,LONG VALLEY,LONG VALLEY,108.7523,108.0,98.0,118.0,20.1325,2717
SIMS,2025-05-01,5-070,5-070,LOS BANOS CREEK VALLEY,LOS BANOS CREEK VALLEY,,,,,,0
SIMS,2025-05-01,3-008.01,3-008,LOS OSOS VALLEY,LOS OSOS VALLEY - LOS OSOS AREA,82.7167,85.0,56.0,107.0,29.8065,1892
SIMS,2025-05-01,3-008.02,3-008,LOS OSOS VALLEY,LOS OSOS VALLEY - WARDEN CREEK,83.0428,89.0,54.0,110.0,33.1418,4231
SIMS,2025-05-01,7-051,7-051,LOST HORSE VALLEY,LOST HORSE VALLEY,,,,,,0
SIMS,2025-05-01,6-071,6-071,LOST LAKE VALLEY,LOST LAKE VALLEY,,,,,,0
SIMS,2025-05-01,6-021,6-021,LOWER KINGSTON VALLEY,LOWER KINGSTON VALLEY,,,,,,0
SIMS,2025-05-01,1-014,1-014,LOWER KLAMATH RIVER VALLEY,LOWER KLAMATH RIVER VALLEY,98.9657,101.0,96.0,102.0,4.9826,1370
SIMS,2025-05-01,5-030,5-030,LOWER LAKE VALLEY,LOWER LAKE VALLEY,115.9605,119.0,100.0,137.0,30.655,633
SIMS,2025-05-01,1-038,1-038,LOWER LAYTONVILLE VALLEY,LOWER LAYTONVILLE VALLEY,117.2322,117.0,109.0,127.0,13.2385,422
SIMS,2025-05-01,6-040,6-040,LOWER MOJAVE RIVER VALLEY,LOWER MOJAVE RIVER VALLEY,104.9388,91.0,18.0,185.0,76.8182,17332
SIMS,2025-05-01,1-060,1-060,LOWER RUSSIAN RIVER VALLEY,LOWER RUSSIAN RIVER VALLEY,83.2561,77.0,67.0,98.0,25.1693,5431
SIMS,2025-05-01,7-019,7-019,LUCERNE VALLEY,LUCERNE VALLEY,30.2507,12.0,3.0,49.0,36.2718,9782
SIMS,2025-05-01,1-008.02,1-008,MAD RIVER VALLEY,MAD RIVER VALLEY - DOWS PRAIRIE SCHOOL AREA,91.8235,94.0,88.0,98.0,8.0494,5891
SIMS,2025-05-01,1-008.01,1-008,MAD RIVER VALLEY,MAD RIVER VALLEY - MAD RIVER LOWLAND,93.232,96.0,92.0,99.0,10.7339,27477
SIMS,2025-05-01,6-002,6-002,MADELINE PLAINS,MADELINE PLAINS,101.9343,110.0,83.0,127.0,32.1872,97541
SIMS,2025-05-01,3-051,3-051,MAJORS CREEK,MAJORS CREEK,76.5514,76.0,57.5,98.0,22.1334,740
SIMS,2025-05-01,4-022,4-022,MALIBU VALLEY,MALIBU VALLEY,115.75,122.5,115.0,125.0,14.8741,40
SIMS,2025-05-01,6-064,6-064,MARBLE CANYON AREA,MARBLE CANYON AREA,,,,,,0
SIMS,2025-05-01,2-039,2-039,MARINA,MARINA,,,,,,0
SIMS,2025-05-01,6-067,6-067,MARTIS VALLEY,MARTIS VALLEY,137.3565,139.0,130.0,146.0,12.0703,3414
SIMS,2025-05-01,7-059,7-059,MASON VALLEY,MASON VALLEY,,,,,,0
SIMS,2025-05-01,1-028,1-028,MATTOLE RIVER VALLEY,MATTOLE RIVER VALLEY,91.7412,94.0,88.0,97.0,6.5228,2786
SIMS,2025-05-01,5-035,5-035,MCCLOUD AREA,MCCLOUD AREA,155.6613,159.0,154.0,162.0,9.4799,186
SIMS,2025-05-01,5-095,5-095,MEADOW VALLEY,MEADOW VALLEY,129.9254,129.0,111.0,154.0,22.1067,925
SIMS,2025-05-01,7-017,7-017,MEANS VALLEY,MEANS VALLEY,,,,,,0
SIMS,2025-05-01,6-029,6-029,MESQUITE VALLEY,MESQUITE VALLEY,182.7786,215.0,168.0,233.0,76.2567,9054
SIMS,2025-05-01,6-020,6-020,MIDDLE AMARGOSA VALLEY,MIDDLE AMARGOSA VALLEY,161.4404,167.0,125.0,198.0,46.916,109
SIMS,2025-05-01,5-094,5-094,MIDDLE CREEK,MIDDLE CREEK,125.0,130.0,116.0,148.0,35.1631,135
SIMS,2025-05-01,5-087,5-087,MIDDLE FORK FEATHER RIVER,MIDDLE FORK FEATHER RIVER,141.6992,147.0,135.0,151.0,12.977,645
SIMS,2025-05-01,6-041,6-041,MIDDLE MOJAVE RIVER VALLEY,MIDDLE MOJAVE RIVER VALLEY,100.8943,121.0,15.0,183.0,79.3688,3264
SIMS,2025-05-01,6-080,6-080,MIDDLE PARK CANYON,MIDDLE PARK CANYON,,,,,,0
SIMS,2025-05-01,5-085,5-085,MIL POTRERO AREA,MIL POTRERO AREA,148.9911,151.0,144.0,159.0,13.5215,112
SIMS,2025-05-01,9-014,9-014,MISSION VALLEY,MISSION VALLEY,109.815,112.0,105.0,117.0,10.3792,827
SIMS,2025-05-01,5-011,5-011,MOHAWK VALLEY,MOHAWK VALLEY,144.4058,149.0,141.0,152.0,12.5672,6526
SIMS,2025-05-01,6-009,6-009,MONO VALLEY,MONO VALLEY,95.9707,95.0,88.0,104.0,13.3446,239
SIMS,2025-05-01,3-049,3-049,MONTECITO,MONTECITO,108.7524,117.0,94.0,126.0,22.2775,1688
SIMS,2025-05-01,7-020,7-020,MORONGO VALLEY,MORONGO VALLEY,60.5714,62.0,47.0,75.0,15.3175,21
SIMS,2025-05-01,3-041,3-041,MORRO VALLEY,MORRO VALLEY,122.5117,127.0,120.0,139.0,22.2341,1239
SIMS,2025-05-01,5-008,5-008,MOUNTAIN MEADOWS VALLEY,MOUNTAIN MEADOWS VALLEY,127.1746,131.0,119.0,139.0,15.1179,23835
SIMS,2025-05-01,1-056,1-056,McDOWELL VALLEY,McDOWELL VALLEY,86.1834,84.0,77.0,93.0,13.7011,2803
SIMS,2025-05-01,2-002.01,2-002,NAPA-SONOMA VALLEY,NAPA-SONOMA VALLEY - NAPA VALLEY,87.0001,87.0,76.0,99.0,18.6409,93242
SIMS,2025-05-01,2-002.03,2-002,NAPA-SONOMA VALLEY,NAPA-SONOMA VALLEY - NAPA-SONOMA LOWLANDS,93.0761,93.0,80.0,104.0,21.8075,23541
SIMS,2025-05-01,2-002.02,2-002,NAPA-SONOMA VALLEY,NAPA-SONOMA VALLEY - SONOMA VALLEY,95.8988,92.0,77.0,115.0,29.5672,80462
SIMS,2025-05-01,1-046,1-046,NAVARRO RIVER VALLEY,NAVARRO RIVER VALLEY,,,,,,0
SIMS,2025-05-01,3-052,3-052,NEEDLE ROCK POINT,NEEDLE ROCK POINT,53.2844,48.0,46.0,53.0,17.859,1586
SIMS,2025-05-01,7-044,7-044,NEEDLES VALLEY,NEEDLES VALLEY,213.7746,264.0,169.0,281.0,100.1146,16378
SIMS,2025-05-01,5-050,5-050,NORTH FORK BATTLE CREEK,NORTH FORK BATTLE CREEK,143.7944,147.0,134.0,158.0,15.4992,2802
SIMS,2025-05-01,2-030,2-030,NOVATO VALLEY,NOVATO VALLEY,107.2549,113.0,97.0,128.0,29.143,14588
SIMS,2025-05-01,7-025,7-025,OCOTILLO-CLARK VALLEY,OCOTILLO-CLARK VALLEY,100.9443,85.0,35.0,166.0,65.8352,37470
SIMS,2025-05-01,7-035,7-035,OGILBY VALLEY,OGILBY VALLEY,101.7698,111.0,87.0,130.0,40.9055,3354
SIMS,2025-05-01,4-002,4-002,OJAI VALLEY,OJAI VALLEY,102.3818,106.0,91.0,115.0,22.0575,9245
SIMS,2025-05-01,3-039,3-039,OLD VALLEY,OLD VALLEY,114.4167,122.0,108.0,126.0,17.0201,204
SIMS,2025-05-01,6-108,6-108,OLYMPIC VALLEY,OLYMPIC VALLEY,128.0298,130.0,120.0,139.0,14.6098,302
SIMS,2025-05-01,7-031,7-031,OROCOPIA VALLEY,OROCOPIA VALLEY,61.9748,48.0,43.0,75.0,28.0413,159
SIMS,2025-05-01,6-012.02,6-012,OWENS VALLEY,OWENS VALLEY - FISH SLOUGH,,,,,,0
SIMS,2025-05-01,6-012.01,6-012,OWENS VALLEY,OWENS VALLEY - OWENS VALLEY,142.7742,156.0,117.0,176.0,45.964,92881
SIMS,2025-05-01,6-088,6-088,OWL LAKE VALLEY,OWL LAKE VALLEY,,,,,,0
SIMS,2025-05-01,6-028,6-028,PAHRUMP VALLEY,PAHRUMP VALLEY,,,,,,0
SIMS,2025-05-01,6-099,6-099,PAINTERS FLAT,PAINTERS FLAT,86.5357,88.0,77.0,96.0,12.7169,1133
SIMS,2025-05-01,7-039,7-039,PALO VERDE MESA,PALO VERDE MESA,126.5126,141.0,41.0,207.0,82.5063,161127
SIMS,2025-05-01,7-038,7-038,PALO VERDE VALLEY,PALO VERDE VALLEY,125.8769,150.0,40.0,203.0,81.2698,223978
SIMS,2025-05-01,9-024,9-024,PAMO VALLEY,PAMO VALLEY,,,,,,0
SIMS,2025-05-01,6-058,6-058,PANAMINT VALLEY,PANAMINT VALLEY,,,,,,0
SIMS,2025-05-01,5-023,5-023,PANOCHE VALLEY,PANOCHE VALLEY,58.5826,44.0,17.0,70.0,50.2497,1962
SIMS,2025-05-01,3-032,3-032,PEACH TREE VALLEY,PEACH TREE VALLEY,37.6199,18.5,3.0,70.0,42.4332,1268
SIMS,2025-05-01,1-030,1-030,PEPPERWOOD TOWN AREA,PEPPERWOOD TOWN AREA,89.1878,102.0,62.0,112.0,26.1068,3471
SIMS,2025-05-01,2-026,2-026,PESCADERO VALLEY,PESCADERO VALLEY,80.9091,86.0,62.0,101.0,23.6934,2344
SIMS,2025-05-01,2-001,2-001,PETALUMA VALLEY,PETALUMA VALLEY,109.2678,108.0,92.0,130.0,24.1173,46164
SIMS,2025-05-01,6-051,6-051,PILOT KNOB VALLEY,PILOT KNOB VALLEY,,,,,,0
SIMS,2025-05-01,6-092,6-092,PINE CREEK VALLEY,PINE CREEK VALLEY,122.625,124.0,113.5,133.5,11.6893,64
SIMS,2025-05-01,7-006,7-006,PINTO VALLEY,PINTO VALLEY,,,,,,0
SIMS,2025-05-01,7-049,7-049,PIPES CANYON FAULT VALLEY,PIPES CANYON FAULT VALLEY,,,,,,0
SIMS,2025-05-01,2-004,2-004,PITTSBURG PLAIN,PITTSBURG PLAIN,,,,,,0
SIMS,2025-05-01,7-045,7-045,PIUTE VALLEY,PIUTE VALLEY,,,,,,0
SIMS,2025-05-01,7-052,7-052,PLEASANT VALLEY,PLEASANT VALLEY,,,,,,0
SIMS,2025-05-01,4-006,4-006,PLEASANT VALLEY,PLEASANT VALLEY,66.522,56.0,37.0,97.0,34.6457,33096
SIMS,2025-05-01,5-038,5-038,PONDOSA TOWN AREA,PONDOSA TOWN AREA,,,,,,0
SIMS,2025-05-01,5-068,5-068,POPE VALLEY,POPE VALLEY,93.3375,92.0,80.0,105.0,20.9616,12655
SIMS,2025-05-01,9-029,9-029,POTRERO VALLEY,POTRERO VALLEY,99.1833,104.0,80.0,119.0,25.632,371
SIMS,2025-05-01,1-051,1-051,POTTER VALLEY,POTTER VALLEY,132.3635,140.0,106.0,161.0,30.4521,20516
SIMS,2025-05-01,9-013,9-013,POWAY VALLEY,POWAY VALLEY,,,,,,0
SIMS,2025-05-01,3-044,3-044,POZO VALLEY,POZO VALLEY,73.9221,74.0,44.0,105.0,37.0321,2709
SIMS,2025-05-01,1-025,1-025,PRAIRIE CREEK AREA,PRAIRIE CREEK AREA,,,,,,0
SIMS,2025-05-01,7-040,7-040,QUIEN SABE POINT VALLEY,QUIEN SABE POINT VALLEY,151.1726,179.0,113.0,193.0,56.41,707
SIMS,2025-05-01,3-024,3-024,QUIEN SABE VALLEY,QUIEN SABE VALLEY,137.7516,139.0,126.0,151.0,18.6866,11402
SIMS,2025-05-01,6-062,6-062,RACE TRACK VALLEY,RACE TRACK VALLEY,,,,,,0
SIMS,2025-05-01,3-046,3-046,RAFAEL VALLEY,RAFAEL VALLEY,51.0,51.0,51.0,51.0,0.0,1
SIMS,2025-05-01,9-025,9-025,RANCHITA TOWN AREA,RANCHITA TOWN AREA,80.9545,81.5,72.0,94.0,15.4463,44
SIMS,2025-05-01,4-023,4-023,RAYMOND,RAYMOND,107.0207,113.0,90.0,126.0,24.7601,1643
SIMS,2025-05-01,6-024,6-024,RED PASS VALLEY,RED PASS VALLEY,,,,,,0
SIMS,2025-05-01,1-018,1-018,RED ROCK VALLEY,RED ROCK VALLEY,109.6354,120.0,79.0,137.0,33.1649,22665
SIMS,2025-05-01,5-006.03,5-006,REDDING AREA,REDDING AREA - ANDERSON,143.0972,151.0,117.0,172.0,35.1928,42912
SIMS,2025-05-01,5-006.01,5-006,REDDING AREA,REDDING AREA - BOWMAN,148.2442,158.0,124.0,175.0,34.202,18206
SIMS,2025-05-01,5-006.04,5-006,REDDING AREA,REDDING AREA - ENTERPRISE,126.3732,128.0,101.0,156.0,34.172,22425
SIMS,2025-05-01,5-006.05,5-006,REDDING AREA,REDDING AREA - MILLVILLE,132.3396,134.0,113.0,159.0,31.2481,9066
SIMS,2025-05-01,5-006.06,5-006,REDDING AREA,REDDING AREA - SOUTH BATTLE CREEK,137.0091,151.0,120.0,168.0,43.1445,7979
SIMS,2025-05-01,1-026,1-026,REDWOOD CREEK AREA,REDWOOD CREEK AREA,97.1926,98.0,96.0,101.0,6.5689,2710
SIMS,2025-05-01,6-086,6-086,RHODES HILL AREA,RHODES HILL AREA,,,,,,0
SIMS,2025-05-01,7-004,7-004,RICE VALLEY,RICE VALLEY,221.1874,229.0,206.0,242.0,27.977,619
SIMS,2025-05-01,6-023,6-023,RIGGS VALLEY,RIGGS VALLEY,,,,,,0
SIMS,2025-05-01,3-043,3-043,RINCONADA VALLEY,RINCONADA VALLEY,96.1639,101.0,82.0,113.0,28.6339,2905
SIMS,2025-05-01,5-043,5-043,ROCK PRAIRIE VALLEY,ROCK PRAIRIE VALLEY,,,,,,0
SIMS,2025-05-01,6-056,6-056,ROSE VALLEY,ROSE VALLEY,,,,,,0
SIMS,2025-05-01,2-028,2-028,ROSS VALLEY,ROSS VALLEY,,,,,,0
SIMS,2025-05-01,5-036,5-036,ROUND VALLEY,ROUND VALLEY,121.8622,130.0,111.0,141.0,25.6893,14303
SIMS,2025-05-01,4-020,4-020,RUSSELL VALLEY,RUSSELL VALLEY,113.0,118.5,103.0,125.0,17.1872,130
SIMS,2025-05-01,5-021.54,5-021,SACRAMENTO VALLEY,SACRAMENTO VALLEY - ANTELOPE,161.6929,183.0,140.0,191.0,39.0858,37659
SIMS,2025-05-01,5-021.53,5-021,SACRAMENTO VALLEY,SACRAMENTO VALLEY - BEND,112.5602,118.0,90.0,138.0,35.1116,2581
SIMS,2025-05-01,5-021.70,5-021,SACRAMENTO VALLEY,SACRAMENTO VALLEY - BUTTE,121.8885,122.0,88.0,157.0,46.0232,816778
SIMS,2025-05-01,5-021.52,5-021,SACRAMENTO VALLEY,SACRAMENTO VALLEY - COLUSA,130.6038,135.0,98.0,170.0,44.126,2197961
SIMS,2025-05-01,5-021.51,5-021,SACRAMENTO VALLEY,SACRAMENTO VALLEY - CORNING,135.9944,140.0,101.0,171.0,43.0012,348727
SIMS,2025-05-01,5-021.56,5-021,SACRAMENTO VALLEY,SACRAMENTO VALLEY - LOS MOLINOS,158.198,172.0,139.0,190.0,41.0338,77655
SIMS,2025-05-01,5-021.64,5-021,SACRAMENTO VALLEY,SACRAMENTO VALLEY - NORTH AMERICAN,115.3566,121.0,84.0,154.0,46.9609,553093
SIMS,2025-05-01,5-021.60,5-021,SACRAMENTO VALLEY,SACRAMENTO VALLEY - NORTH YUBA,135.1884,135.0,105.0,167.0,38.651,171351
SIMS,2025-05-01,5-021.50,5-021,SACRAMENTO VALLEY,SACRAMENTO VALLEY - RED BLUFF,140.0334,153.0,103.0,182.0,47.2537,175030
SIMS,2025-05-01,5-021.66,5-021,SACRAMENTO VALLEY,SACRAMENTO VALLEY - SOLANO,123.4752,129.0,78.0,169.0,48.7998,930991
SIMS,2025-05-01,5-021.65,5-021,SACRAMENTO VALLEY,SACRAMENTO VALLEY - SOUTH AMERICAN,113.2824,116.0,76.0,149.0,46.3208,248695
SIMS,2025-05-01,5-021.61,5-021,SACRAMENTO VALLEY,SACRAMENTO VALLEY - SOUTH YUBA,132.4667,135.0,102.0,168.0,43.5198,215023
SIMS,2025-05-01,5-021.62,5-021,SACRAMENTO VALLEY,SACRAMENTO VALLEY - SUTTER,119.2127,124.0,82.0,160.0,49.1798,861894
SIMS,2025-05-01,5-021.57,5-021,SACRAMENTO VALLEY,SACRAMENTO VALLEY - VINA,149.6204,165.0,121.0,188.0,42.2357,355307
SIMS,2025-05-01,5-021.69,5-021,SACRAMENTO VALLEY,SACRAMENTO VALLEY - WYANDOTTE CREEK,136.0143,138.0,102.0,173.0,39.9629,72019
SIMS,2025-05-01,5-021.67,5-021,SACRAMENTO VALLEY,SACRAMENTO VALLEY - YOLO,116.1813,118.0,81.0,158.0,46.2558,1422140
SIMS,2025-05-01,3-004.01,3-004,SALINAS VALLEY,SALINAS VALLEY - 180/400 FOOT AQUIFER,78.8252,74.0,47.0,109.0,35.547,244565
SIMS,2025-05-01,3-004.11,3-004,SALINAS VALLEY,SALINAS VALLEY - ATASCADERO AREA,75.0315,74.0,59.0,90.0,27.0457,25439
SIMS,2025-05-01,3-004.02,3-004,SALINAS VALLEY,SALINAS VALLEY - EAST SIDE AQUIFER,80.9962,76.0,52.0,107.0,33.611,155003
SIMS,2025-05-01,3-004.04,3-004,SALINAS VALLEY,SALINAS VALLEY - FOREBAY AQUIFER,79.2399,73.0,51.0,98.0,36.4986,261878
SIMS,2025-05-01,3-004.09,3-004,SALINAS VALLEY,SALINAS VALLEY - LANGLEY AREA,71.5934,71.0,43.0,99.0,32.4871,8369
SIMS,2025-05-01,3-004.10,3-004,SALINAS VALLEY,SALINAS VALLEY - MONTEREY,81.2821,82.0,53.0,110.0,31.0576,3031
SIMS,2025-05-01,3-004.06,3-004,SALINAS VALLEY,SALINAS VALLEY - PASO ROBLES AREA,60.8755,63.0,36.0,80.0,30.5588,339156
SIMS,2025-05-01,3-004.08,3-004,SALINAS VALLEY,SALINAS VALLEY - SEASIDE,109.219,114.0,104.0,118.0,14.5834,1635
SIMS,2025-05-01,3-004.05,3-004,SALINAS VALLEY,SALINAS VALLEY - UPPER VALLEY AQUIFER,73.1034,68.0,44.0,93.0,39.2184,279908
SIMS,2025-05-01,6-017,6-017,SALINE VALLEY,SALINE VALLEY,,,,,,0
SIMS,2025-05-01,6-053,6-053,SALT WELLS VALLEY,SALT WELLS VALLEY,,,,,,0
SIMS,2025-05-01,3-014,3-014,SAN ANTONIO CREEK VALLEY,SAN ANTONIO CREEK VALLEY,63.9638,63.0,48.0,77.0,23.3358,63010
SIMS,2025-05-01,3-028,3-028,SAN BENITO RIVER VALLEY,SAN BENITO RIVER VALLEY,73.9883,70.0,38.0,96.0,39.1659,4184
SIMS,2025-05-01,3-033,3-033,SAN CARPOFORO VALLEY,SAN CARPOFORO VALLEY,,,,,,0
SIMS,2025-05-01,9-015,9-015,SAN DIEGO RIVER VALLEY,SAN DIEGO RIVER VALLEY,95.7986,102.0,81.0,117.0,29.0273,1137
SIMS,2025-05-01,9-012,9-012,SAN DIEGUITO CREEK,SAN DIEGUITO CREEK,102.9216,110.0,97.0,117.0,20.119,1608
SIMS,2025-05-01,9-023,9-023,SAN ELIJO VALLEY,SAN ELIJO VALLEY,80.7826,81.0,74.0,86.0,8.0161,23
SIMS,2025-05-01,7-027,7-027,SAN FELIPE VALLEY,SAN FELIPE VALLEY,73.6571,72.5,64.0,81.0,13.334,70
SIMS,2025-05-01,4-012,4-012,SAN FERNANDO VALLEY,SAN FERNANDO VALLEY,113.8345,125.0,104.0,133.0,29.6037,8316
SIMS,2025-05-01,4-013,4-013,SAN GABRIEL VALLEY,SAN GABRIEL VALLEY,112.2657,123.0,92.0,137.0,31.9863,8959
SIMS,2025-05-01,2-024,2-024,SAN GREGORIO VALLEY,SAN GREGORIO VALLEY,93.9498,98.0,88.0,104.0,15.0518,1116
SIMS,2025-05-01,8-005,8-005,SAN JACINTO,SAN JACINTO,86.4151,77.0,55.0,115.0,39.2241,134196
SIMS,2025-05-01,5-022.05,5-022,SAN JOAQUIN VALLEY,SAN JOAQUIN VALLEY - CHOWCHILLA,132.6909,152.0,88.0,176.0,49.1571,545804
SIMS,2025-05-01,5-022.16,5-022,SAN JOAQUIN VALLEY,SAN JOAQUIN VALLEY - COSUMNES,116.1662,117.0,89.0,145.0,39.278,250445
SIMS,2025-05-01,5-022.07,5-022,SAN JOAQUIN VALLEY,SAN JOAQUIN VALLEY - DELTA-MENDOTA,110.0594,113.0,57.0,167.0,58.399,2030371
SIMS,2025-05-01,5-022.19,5-022,SAN JOAQUIN VALLEY,SAN JOAQUIN VALLEY - EAST CONTRA COSTA,122.2824,132.0,82.0,164.0,48.6584,179823
SIMS,2025-05-01,5-022.01,5-022,SAN JOAQUIN VALLEY,SAN JOAQUIN VALLEY - EASTERN SAN JOAQUIN,127.8749,128.0,86.0,170.0,48.8638,1845120
SIMS,2025-05-01,5-022.11,5-022,SAN JOAQUIN VALLEY,SAN JOAQUIN VALLEY - KAWEAH,121.3724,124.0,84.0,162.0,50.1566,1383561
SIMS,2025-05-01,5-022.14,5-022,SAN JOAQUIN VALLEY,SAN JOAQUIN VALLEY - KERN COUNTY,115.3467,136.0,49.0,178.0,66.8641,3708157
SIMS,2025-05-01,5-022.17,5-022,SAN JOAQUIN VALLEY,SAN JOAQUIN VALLEY - KETTLEMAN PLAIN,32.8394,10.0,2.0,39.0,48.0326,135898
SIMS,2025-05-01,5-022.08,5-022,SAN JOAQUIN VALLEY,SAN JOAQUIN VALLEY - KINGS,127.1473,134.5051,86.4964,174.5114,53.4381,2978381
SIMS,2025-05-01,5-022.06,5-022,SAN JOAQUIN VALLEY,SAN JOAQUIN VALLEY - MADERA,132.5238,149.0,97.0,174.0,50.4618,952981
SIMS,2025-05-01,5-022.04,5-022,SAN JOAQUIN VALLEY,SAN JOAQUIN VALLEY - MERCED,112.6515,118.0,62.0,165.0,50.7424,1184466
SIMS,2025-05-01,5-022.02,5-022,SAN JOAQUIN VALLEY,SAN JOAQUIN VALLEY - MODESTO,138.124,161.0,109.0,169.0,44.472,582710
SIMS,2025-05-01,5-022.10,5-022,SAN JOAQUIN VALLEY,SAN JOAQUIN VALLEY - PLEASANT VALLEY,77.3476,37.0,4.0,166.0,75.9057,120696
SIMS,2025-05-01,5-022.15,5-022,SAN JOAQUIN VALLEY,SAN JOAQUIN VALLEY - TRACY,115.0349,126.0,63.0,162.0,49.7188,626239
SIMS,2025-05-01,5-022.12,5-022,SAN JOAQUIN VALLEY,SAN JOAQUIN VALLEY - TULARE LAKE,84.7421,68.0,30.0,145.0,65.3515,1572737
SIMS,2025-05-01,5-022.13,5-022,SAN JOAQUIN VALLEY,SAN JOAQUIN VALLEY - TULE,108.5532,108.0,58.0,166.0,59.1023,1579449
SIMS,2025-05-01,5-022.03,5-022,SAN JOAQUIN VALLEY,SAN JOAQUIN VALLEY - TURLOCK,120.034,132.0,72.0,165.0,47.355,1021600
SIMS,2025-05-01,5-022.09,5-022,SAN JOAQUIN VALLEY,SAN JOAQUIN VALLEY - WESTSIDE,87.6206,52.0,31.0,169.0,74.3043,2400284
SIMS,2025-05-01,5-022.18,5-022,SAN JOAQUIN VALLEY,SAN JOAQUIN VALLEY - WHITE WOLF,117.3218,121.0,47.0,188.0,68.9178,162888
SIMS,2025-05-01,9-001,9-001,SAN JUAN VALLEY,SAN JUAN VALLEY,87.3996,90.0,76.0,100.0,20.6514,2257
SIMS,2025-05-01,3-009,3-009,SAN LUIS OBISPO VALLEY,SAN LUIS OBISPO VALLEY,81.8897,82.0,64.0,99.0,25.6789,16644
SIMS,2025-05-01,9-007.02,9-007,SAN LUIS REY VALLEY,SAN LUIS REY VALLEY - LOWER SAN LUIS REY VALLEY,90.4435,95.0,67.0,117.0,33.4842,2706
SIMS,2025-05-01,9-007.01,9-007,SAN LUIS REY VALLEY,SAN LUIS REY VALLEY - UPPER SAN LUIS REY VALLEY,110.7534,120.0,92.0,133.0,30.5013,25430
SIMS,2025-05-01,9-032,9-032,SAN MARCOS AREA,SAN MARCOS AREA,122.963,124.0,122.0,126.0,3.5432,27
SIMS,2025-05-01,9-002,9-002,SAN MATEO VALLEY,SAN MATEO VALLEY,110.6667,112.0,110.0,113.0,2.7487,9
SIMS,2025-05-01,9-003,9-003,SAN ONOFRE VALLEY,SAN ONOFRE VALLEY,,,,,,0
SIMS,2025-05-01,9-010,9-010,SAN PASQUAL VALLEY,SAN PASQUAL VALLEY,95.9796,104.0,68.0,121.0,34.9819,7649
SIMS,2025-05-01,2-036,2-036,SAN PEDRO VALLEY,SAN PEDRO VALLEY,108.7826,111.0,105.0,114.0,7.2589,23
SIMS,2025-05-01,2-029,2-029,SAN RAFAEL VALLEY,SAN RAFAEL VALLEY,,,,,,0
SIMS,2025-05-01,2-007,2-007,SAN RAMON VALLEY,SAN RAMON VALLEY,129.9894,142.5,118.0,153.0,30.8554,378
SIMS,2025-05-01,3-035,3-035,SAN SIMEON VALLEY,SAN SIMEON VALLEY,98.7917,99.5,93.0,104.5,8.0368,216
SIMS,2025-05-01,2-027,2-027,SAND POINT AREA,SAND POINT AREA,127.1924,130.0,123.0,133.0,9.4624,20531
SIMS,2025-05-01,1-053,1-053,SANEL VALLEY,SANEL VALLEY,92.567,92.0,79.0,106.0,21.685,11796
SIMS,2025-05-01,3-022,3-022,SANTA ANA VALLEY,SANTA ANA VALLEY,73.8129,71.0,56.0,88.0,27.3366,7107
SIMS,2025-05-01,3-017,3-017,SANTA BARBARA,SANTA BARBARA,121.6162,125.0,119.0,129.0,12.1996,693
SIMS,2025-05-01,4-004.05,4-004,SANTA CLARA RIVER VALLEY,SANTA CLARA RIVER VALLEY - FILLMORE,105.7795,113.0,88.0,132.0,31.0961,49933
SIMS,2025-05-01,4-004.03,4-004,SANTA CLARA RIVER VALLEY,SANTA CLARA RIVER VALLEY - MOUND,62.0211,40.0,25.0,103.0,40.2158,9474
SIMS,2025-05-01,4-004.02,4-004,SANTA CLARA RIVER VALLEY,SANTA CLARA RIVER VALLEY - OXNARD,73.9125,69.0,36.0,115.0,38.8166,105559
SIMS,2025-05-01,4-004.06,4-004,SANTA CLARA RIVER VALLEY,SANTA CLARA RIVER VALLEY - PIRU,89.7453,94.0,59.0,121.0,39.0541,23007
SIMS,2025-05-01,4-004.07,4-004,SANTA CLARA RIVER VALLEY,SANTA CLARA RIVER VALLEY - SANTA CLARA RIVER VALLEY EAST,73.5358,51.0,30.0,132.0,51.1709,6799
SIMS,2025-05-01,4-004.04,4-004,SANTA CLARA RIVER VALLEY,SANTA CLARA RIVER VALLEY - SANTA PAULA,97.2823,105.0,84.0,121.0,29.2757,40371
SIMS,2025-05-01,2-009.04,2-009,SANTA CLARA VALLEY,SANTA CLARA VALLEY - EAST BAY PLAIN,111.7204,116.0,102.0,126.0,19.4253,2933
SIMS,2025-05-01,2-009.01,2-009,SANTA CLARA VALLEY,SANTA CLARA VALLEY - NILES CONE,76.0317,81.0,49.0,99.0,32.9203,1768
SIMS,2025-05-01,2-009.03,2-009,SANTA CLARA VALLEY,SANTA CLARA VALLEY - SAN MATEO PLAIN,103.6923,114.0,83.0,123.0,23.7054,1352
SIMS,2025-05-01,2-009.02,2-009,SANTA CLARA VALLEY,SANTA CLARA VALLEY - SANTA CLARA,95.407,97.0,63.0,130.0,38.5314,25329
SIMS,2025-05-01,3-001,3-001,SANTA CRUZ MID-COUNTY,SANTA CRUZ MID-COUNTY,99.3125,105.0,81.0,119.0,24.4568,3933
SIMS,2025-05-01,3-027,3-027,SANTA MARGARITA,SANTA MARGARITA,94.0746,95.0,83.0,106.0,15.3188,295
SIMS,2025-05-01,9-004,9-004,SANTA MARGARITA VALLEY,SANTA MARGARITA VALLEY,,,,,,0
SIMS,2025-05-01,3-012.02,3-012,SANTA MARIA RIVER VALLEY,SANTA MARIA RIVER VALLEY - ARROYO GRANDE,77.8799,74.0,46.0,107.0,34.5824,6168
SIMS,2025-05-01,3-012.01,3-012,SANTA MARIA RIVER VALLEY,SANTA MARIA RIVER VALLEY - SANTA MARIA,74.7173,72.0,43.0,108.0,36.0018,261494
SIMS,2025-05-01,9-011,9-011,SANTA MARIA VALLEY,SANTA MARIA VALLEY,100.89,97.0,81.0,125.0,29.689,3063
SIMS,2025-05-01,6-068,6-068,SANTA ROSA FLAT,SANTA ROSA FLAT,,,,,,0
SIMS,2025-05-01,3-036,3-036,SANTA ROSA VALLEY,SANTA ROSA VALLEY,97.8029,102.0,86.0,113.0,21.5421,2735
SIMS,2025-05-01,1-055.02,1-055,SANTA ROSA VALLEY,SANTA ROSA VALLEY - HEALDSBURG AREA,78.531,78.0,65.0,91.0,18.4089,31330
SIMS,2025-05-01,1-055.03,1-055,SANTA ROSA VALLEY,SANTA ROSA VALLEY - RINCON VALLEY,86.6431,85.0,73.0,100.0,20.1152,580
SIMS,2025-05-01,1-055.01,1-055,SANTA ROSA VALLEY,SANTA ROSA VALLEY - SANTA ROSA PLAIN,96.2673,96.0,75.0,117.0,26.1437,80842
SIMS,2025-05-01,3-015,3-015,SANTA YNEZ RIVER VALLEY,SANTA YNEZ RIVER VALLEY,62.7004,62.0,44.0,80.0,27.2607,117431
SIMS,2025-05-01,1-005,1-005,SCOTT RIVER VALLEY,SCOTT RIVER VALLEY,125.7595,135.0,115.0,144.0,25.1681,147163
SIMS,2025-05-01,5-014,5-014,SCOTTS VALLEY,SCOTTS VALLEY,140.0212,148.0,126.0,163.0,28.1478,7252
SIMS,2025-05-01,6-052,6-052,SEARLES VALLEY,SEARLES VALLEY,,,,,,0
SIMS,2025-05-01,6-100,6-100,SECRET VALLEY,SECRET VALLEY,96.0614,102.0,64.0,128.0,39.0461,12370
SIMS,2025-05-01,1-016,1-016,SEIAD VALLEY,SEIAD VALLEY,122.865,129.0,111.0,135.0,15.4604,437
SIMS,2025-05-01,8-008,8-008,SEVEN OAKS VALLEY,SEVEN OAKS VALLEY,,,,,,0
SIMS,2025-05-01,1-004,1-004,SHASTA VALLEY,SHASTA VALLEY,122.3826,130.0,104.0,145.0,28.3687,257522
SIMS,2025-05-01,1-042,1-042,SHERWOOD VALLEY,SHERWOOD VALLEY,,,,,,0
SIMS,2025-05-01,5-012.02,5-012,SIERRA VALLEY,SIERRA VALLEY - CHILCOOT,146.4903,149.0,144.0,152.0,10.7883,5489
SIMS,2025-05-01,5-012.01,5-012,SIERRA VALLEY,SIERRA VALLEY - SIERRA VALLEY,123.9948,130.0,109.0,143.0,24.7898,213135
SIMS,2025-05-01,6-034,6-034,SILVER LAKE VALLEY,SILVER LAKE VALLEY,,,,,,0
SIMS,2025-05-01,4-009,4-009,SIMI VALLEY,SIMI VALLEY,117.5549,123.0,111.0,129.0,16.0742,1294
SIMS,2025-05-01,6-105,6-105,SLINKARD VALLEY,SLINKARD VALLEY,,,,,,0
SIMS,2025-05-01,1-001,1-001,SMITH RIVER PLAIN,SMITH RIVER PLAIN,86.7435,88.0,84.0,92.0,7.3285,36286
SIMS,2025-05-01,6-033,6-033,SODA LAKE VALLEY,SODA LAKE VALLEY,,,,,,0
SIMS,2025-05-01,2-037,2-037,SOUTH SAN FRANCISCO,SOUTH SAN FRANCISCO,,,,,,0
SIMS,2025-05-01,6-082,6-082,SPRING CANYON VALLEY,SPRING CANYON VALLEY,,,,,,0
SIMS,2025-05-01,5-089,5-089,SQUAW FLAT,SQUAW FLAT,,,,,,0
SIMS,2025-05-01,5-088,5-088,STONY GORGE RESERVOIR,STONY GORGE RESERVOIR,126.0572,122.0,110.0,138.0,24.1129,962
SIMS,2025-05-01,5-063,5-063,STONYFORD TOWN AREA,STONYFORD TOWN AREA,150.7319,162.0,137.0,174.0,31.4147,3853
SIMS,2025-05-01,2-003,2-003,SUISUN-FAIRFIELD VALLEY,SUISUN-FAIRFIELD VALLEY,92.4534,92.0,72.0,113.0,34.1084,91796
SIMS,2025-05-01,2-011,2-011,SUNOL VALLEY,SUNOL VALLEY,104.3853,106.0,86.0,121.0,30.4982,1635
SIMS,2025-05-01,6-049,6-049,SUPERIOR VALLEY,SUPERIOR VALLEY,,,,,,0
SIMS,2025-05-01,6-001,6-001,SURPRISE VALLEY,SURPRISE VALLEY,116.039,125.0,101.0,136.0,26.9458,234046
SIMS,2025-05-01,6-107,6-107,SWEETWATER FLAT,SWEETWATER FLAT,121.8889,122.0,111.5,133.0,13.8259,324
SIMS,2025-05-01,6-005.03,6-005,TAHOE VALLEY,TAHOE VALLEY - TAHOE NORTH,147.5072,153.0,145.0,156.0,14.1079,207
SIMS,2025-05-01,6-005.01,6-005,TAHOE VALLEY,TAHOE VALLEY - TAHOE SOUTH,141.8621,145.0,138.0,150.0,11.0653,754
SIMS,2025-05-01,6-005.02,6-005,TAHOE VALLEY,TAHOE VALLEY - TAHOE WEST,134.5588,141.0,132.0,149.0,23.0483,170
SIMS,2025-05-01,6-045,6-045,TEHACHAPI VALLEY EAST,TEHACHAPI VALLEY EAST,63.2153,59.0,19.0,91.0,43.3999,3395
SIMS,2025-05-01,5-028,5-028,TEHACHAPI VALLEY WEST,TEHACHAPI VALLEY WEST,86.6747,82.0,54.0,111.0,43.254,4525
SIMS,2025-05-01,9-005,9-005,TEMECULA VALLEY,TEMECULA VALLEY,85.3115,79.0,60.0,113.0,34.1572,20242
SIMS,2025-05-01,1-040,1-040,TEN MILE RIVER VALLEY,TEN MILE RIVER VALLEY,138.4612,140.5,135.0,144.0,7.0053,206
SIMS,2025-05-01,7-026,7-026,TERWILLIGER VALLEY,TERWILLIGER VALLEY,115.8364,118.0,92.0,141.0,31.9658,165
SIMS,2025-05-01,4-019,4-019,THOUSAND OAKS AREA,THOUSAND OAKS AREA,120.1636,125.0,117.0,129.0,13.7047,385
SIMS,2025-05-01,4-015,4-015,TIERRA REJADA,TIERRA REJADA,85.2367,96.0,47.0,122.0,39.6418,4069
SIMS,2025-05-01,5-037,5-037,TOAD WELL AREA,TOAD WELL AREA,,,,,,0
SIMS,2025-05-01,3-040,3-040,TORO VALLEY,TORO VALLEY,99.3794,99.0,89.0,112.0,17.3379,369
SIMS,2025-05-01,6-098,6-098,TULEDAD CANYON VALLEY,TULEDAD CANYON VALLEY,111.8258,111.0,101.0,124.0,15.107,310
SIMS,2025-05-01,7-010,7-010,TWENTYNINE PALMS VALLEY,TWENTYNINE PALMS VALLEY,116.2409,125.0,90.0,149.0,45.0891,743
SIMS,2025-05-01,1-052,1-052,UKIAH VALLEY,UKIAH VALLEY,97.4869,94.0,79.0,108.0,28.8194,43304
SIMS,2025-05-01,6-022,6-022,UPPER KINGSTON VALLEY,UPPER KINGSTON VALLEY,,,,,,0
SIMS,2025-05-01,5-013,5-013,UPPER LAKE VALLEY,UPPER LAKE VALLEY,144.197,151.0,128.0,165.0,26.4611,12385
SIMS,2025-05-01,6-042,6-042,UPPER MOJAVE RIVER VALLEY,UPPER MOJAVE RIVER VALLEY,102.1663,106.0,33.5,164.0,61.8203,6536
SIMS,2025-05-01,4-001,4-001,UPPER OJAI VALLEY,UPPER OJAI VALLEY,101.8073,106.0,91.0,116.0,24.2627,3259
SIMS,2025-05-01,3-023,3-023,UPPER SANTA ANA VALLEY,UPPER SANTA ANA VALLEY,84.1429,82.0,76.0,94.0,9.8478,7
SIMS,2025-05-01,8-002.05,8-002,UPPER SANTA ANA VALLEY,UPPER SANTA ANA VALLEY - CAJON,63.7516,57.0,31.0,94.0,34.2604,161
SIMS,2025-05-01,8-002.01,8-002,UPPER SANTA ANA VALLEY,UPPER SANTA ANA VALLEY - CHINO,81.3891,79.0,50.0,111.0,38.9872,28942
SIMS,2025-05-01,8-002.02,8-002,UPPER SANTA ANA VALLEY,UPPER SANTA ANA VALLEY - CUCAMONGA,124.191,139.0,112.0,149.0,36.3554,670
SIMS,2025-05-01,8-002.04,8-002,UPPER SANTA ANA VALLEY,UPPER SANTA ANA VALLEY - RIALTO-COLTON,98.8678,106.0,42.0,159.0,57.7889,1241
SIMS,2025-05-01,8-002.03,8-002,UPPER SANTA ANA VALLEY,UPPER SANTA ANA VALLEY - RIVERSIDE-ARLINGTON,102.4834,102.0,81.0,125.0,30.3377,13846
SIMS,2025-05-01,8-002.06,8-002,UPPER SANTA ANA VALLEY,UPPER SANTA ANA VALLEY - SAN BERNARDINO,104.3105,114.0,73.0,140.0,45.173,15412
SIMS,2025-05-01,8-002.08,8-002,UPPER SANTA ANA VALLEY,UPPER SANTA ANA VALLEY - SAN TIMOTEO,135.2301,147.0,111.0,165.0,35.3077,4598
SIMS,2025-05-01,8-002.09,8-002,UPPER SANTA ANA VALLEY,UPPER SANTA ANA VALLEY - TEMESCAL,97.5586,106.5,74.0,122.0,30.1341,836
SIMS,2025-05-01,8-002.07,8-002,UPPER SANTA ANA VALLEY,UPPER SANTA ANA VALLEY - YUCAIPA,133.1757,136.0,124.0,149.0,24.6977,2846
SIMS,2025-05-01,7-028,7-028,VALLECITO-CARRIZO VALLEY,VALLECITO-CARRIZO VALLEY,,,,,,0
SIMS,2025-05-01,5-071,5-071,VALLECITOS CREEK VALLEY,VALLECITOS CREEK VALLEY,,,,,,0
SIMS,2025-05-01,7-063,7-063,VANDEVENTER FLAT,VANDEVENTER FLAT,,,,,,0
SIMS,2025-05-01,4-003.02,4-003,VENTURA RIVER VALLEY,VENTURA RIVER VALLEY - LOWER VENTURA RIVER,88.8641,101.0,79.0,112.0,31.6292,1766
SIMS,2025-05-01,4-003.01,4-003,VENTURA RIVER VALLEY,VENTURA RIVER VALLEY - UPPER VENTURA RIVER,108.614,111.0,94.0,127.0,22.5307,2280
SIMS,2025-05-01,7-042,7-042,VIDAL VALLEY,VIDAL VALLEY,,,,,,0
SIMS,2025-05-01,3-037,3-037,VILLA VALLEY,VILLA VALLEY,94.6408,101.0,72.0,112.0,23.4401,852
SIMS,2025-05-01,2-032,2-032,VISITACION VALLEY,VISITACION VALLEY,96.5618,98.0,91.0,104.0,10.7259,178
SIMS,2025-05-01,5-026,5-026,WALKER BASIN CREEK VALLEY,WALKER BASIN CREEK VALLEY,146.5575,151.0,113.0,186.0,45.006,6380
SIMS,2025-05-01,7-003,7-003,WARD VALLEY,WARD VALLEY,,,,,,0
SIMS,2025-05-01,9-008,9-008,WARNER VALLEY,WARNER VALLEY,130.3703,133.0,119.0,146.0,19.8666,343
SIMS,2025-05-01,7-012,7-012,WARREN VALLEY,WARREN VALLEY,156.142,167.0,144.0,178.0,31.0528,345
SIMS,2025-05-01,1-031,1-031,WEOTT TOWN AREA,WEOTT TOWN AREA,112.1052,120.0,96.0,125.0,17.9428,523
SIMS,2025-05-01,7-022,7-022,WEST SALTON SEA,WEST SALTON SEA,,,,,,0
SIMS,2025-05-01,3-026,3-026,WEST SANTA CRUZ TERRACE,WEST SANTA CRUZ TERRACE,93.8358,97.0,81.0,109.0,21.4368,1596
SIMS,2025-05-01,2-035,2-035,WESTSIDE,WESTSIDE,118.6846,123.0,117.0,126.0,14.4308,3751
SIMS,2025-05-01,6-073,6-073,WILD HORSE MESA AREA,WILD HORSE MESA AREA,,,,,,0
SIMS,2025-05-01,6-075,6-075,WILDROSE CANYON,WILDROSE CANYON,,,,,,0
SIMS,2025-05-01,1-043,1-043,WILLIAMS VALLEY,WILLIAMS VALLEY,146.4887,150.0,135.0,159.0,15.5138,485
SIMS,2025-05-01,6-003,6-003,WILLOW CREEK VALLEY,WILLOW CREEK VALLEY,120.3959,127.0,109.0,135.0,19.8892,26449
SIMS,2025-05-01,1-059,1-059,WILSON GROVE FORMATION HIGHLANDS,WILSON GROVE FORMATION HIGHLANDS,112.3085,120.0,94.0,132.0,23.9551,70374
SIMS,2025-05-01,1-062,1-062,WILSON POINT AREA,WILSON POINT AREA,129.75,129.0,124.5,135.0,5.7609,8
SIMS,2025-05-01,6-019,6-019,WINGATE VALLEY,WINGATE VALLEY,,,,,,0
SIMS,2025-05-01,7-056,7-056,YAQUI WELL AREA,YAQUI WELL AREA,,,,,,0
SIMS,2025-05-01,5-056,5-056,YELLOW CREEK VALLEY,YELLOW CREEK VALLEY,122.0595,124.0,111.0,135.0,17.6224,5853
SIMS,2025-05-01,2-006,2-006,YGNACIO VALLEY,YGNACIO VALLEY,141.875,148.0,137.0,155.0,21.1429,392
SIMS,2025-05-01,5-069,5-069,YOSEMITE VALLEY,YOSEMITE VALLEY,,,,,,0
SIMS,2025-05-01,7-036,7-036,YUMA VALLEY,YUMA VALLEY,77.3518,34.0,30.0,130.0,59.3866,66561
