Model,Date,Basin_Subb,Basin_Numb,Basin_Name,Basin_Su_1,ET,Pixel_Count
ENSEMBLE,2006-10-01,4-005,4-005,ACTON VALLEY,ACTON VALLEY,21.047904,668
ENSEMBLE,2006-10-01,6-010,6-010,ADOBE LAKE VALLEY,ADOBE LAKE VALLEY,,0
ENSEMBLE,2006-10-01,1-054.01,1-054,ALEXANDER VALLEY,ALEXANDER VALLEY - ALEXANDER AREA,37.353647,39743
ENSEMBLE,2006-10-01,1-054.02,1-054,ALEXANDER VALLEY,ALEXANDER VALLEY - CLOVERDALE AREA,34.969059,9502
ENSEMBLE,2006-10-01,5-002.01,5-002,ALTURAS AREA,ALTURAS AREA - SOUTH FORK PITT RIVER,34.502265,159794
ENSEMBLE,2006-10-01,5-002.02,5-002,ALTURAS AREA,ALTURAS AREA - WARM SPRINGS VALLEY,29.354531,74425
ENSEMBLE,2006-10-01,5-010,5-010,AMERICAN VALLEY,AMERICAN VALLEY,41.660476,9746
ENSEMBLE,2006-10-01,7-016,7-016,AMES VALLEY,AMES VALLEY,,0
ENSEMBLE,2006-10-01,7-034,7-034,AMOS VALLEY,AMOS VALLEY,,0
ENSEMBLE,2006-10-01,1-019,1-019,ANDERSON VALLEY,ANDERSON VALLEY,37.02006,5982
ENSEMBLE,2006-10-01,1-049,1-049,ANNAPOLIS OHLSON RANCH FORMATION HIGHLANDS,ANNAPOLIS OHLSON RANCH FORMATION HIGHLANDS,23.450489,2353
ENSEMBLE,2006-10-01,5-091,5-091,ANTELOPE CREEK,ANTELOPE CREEK,9.825545,1605
ENSEMBLE,2006-10-01,6-044,6-044,ANTELOPE VALLEY,ANTELOPE VALLEY,35.757789,137884
ENSEMBLE,2006-10-01,6-007,6-007,ANTELOPE VALLEY,ANTELOPE VALLEY,44.357256,48489
ENSEMBLE,2006-10-01,3-034,3-034,ARROYO DE LA CRUZ VALLEY,ARROYO DE LA CRUZ VALLEY,69.239777,538
ENSEMBLE,2006-10-01,2-031,2-031,ARROYO DEL HAMBRE VALLEY,ARROYO DEL HAMBRE VALLEY,,0
ENSEMBLE,2006-10-01,4-007,4-007,ARROYO SANTA ROSA VALLEY,ARROYO SANTA ROSA VALLEY,63.850064,7870
ENSEMBLE,2006-10-01,7-037,7-037,ARROYO SECO VALLEY,ARROYO SECO VALLEY,,0
ENSEMBLE,2006-10-01,5-054,5-054,ASH VALLEY,ASH VALLEY,23.743103,12106
ENSEMBLE,2006-10-01,6-026,6-026,AVAWATZ VALLEY,AVAWATZ VALLEY,,0
ENSEMBLE,2006-10-01,3-020,3-020,A�O NUEVO AREA,A�O NUEVO AREA,53.08471,1877
ENSEMBLE,2006-10-01,9-022,9-022,BATIQUITOS LAGOON VALLEY,BATIQUITOS LAGOON VALLEY,69.987097,620
ENSEMBLE,2006-10-01,8-009,8-009,BEAR VALLEY,BEAR VALLEY,54.853881,219
ENSEMBLE,2006-10-01,5-064,5-064,BEAR VALLEY,BEAR VALLEY,52.486275,510
ENSEMBLE,2006-10-01,5-020,5-020,BERRYESSA VALLEY,BERRYESSA VALLEY,,0
ENSEMBLE,2006-10-01,7-015,7-015,BESSEMER VALLEY,BESSEMER VALLEY,,0
ENSEMBLE,2006-10-01,6-025,6-025,BICYCLE VALLEY,BICYCLE VALLEY,,0
ENSEMBLE,2006-10-01,1-027,1-027,BIG LAGOON AREA,BIG LAGOON AREA,53.487179,39
ENSEMBLE,2006-10-01,8-007,8-007,BIG MEADOWS VALLEY,BIG MEADOWS VALLEY,,0
ENSEMBLE,2006-10-01,1-045,1-045,BIG RIVER VALLEY,BIG RIVER VALLEY,,0
ENSEMBLE,2006-10-01,3-047,3-047,BIG SPRING AREA,BIG SPRING AREA,10.715686,918
ENSEMBLE,2006-10-01,5-015,5-015,BIG VALLEY,BIG VALLEY,36.667446,41040
ENSEMBLE,2006-10-01,5-004,5-004,BIG VALLEY,BIG VALLEY,27.639204,163109
ENSEMBLE,2006-10-01,3-030,3-030,BITTER WATER VALLEY,BITTER WATER VALLEY,11.374917,7575
ENSEMBLE,2006-10-01,6-013,6-013,BLACK SPRINGS VALLEY,BLACK SPRINGS VALLEY,,0
ENSEMBLE,2006-10-01,5-092,5-092,BLANCHARD VALLEY,BLANCHARD VALLEY,9.530973,1130
ENSEMBLE,2006-10-01,1-057,1-057,BODEGA BAY AREA,BODEGA BAY AREA,43.318182,154
ENSEMBLE,2006-10-01,7-024.01,7-024,BORREGO VALLEY,BORREGO VALLEY - BORREGO SPRINGS,49.852216,17397
ENSEMBLE,2006-10-01,7-024.02,7-024,BORREGO VALLEY,BORREGO VALLEY - OCOTILLO WELLS,13.583333,12
ENSEMBLE,2006-10-01,1-039,1-039,BRANSCOMB TOWN AREA,BRANSCOMB TOWN AREA,,0
ENSEMBLE,2006-10-01,1-017,1-017,BRAY TOWN AREA,BRAY TOWN AREA,32.133176,4250
ENSEMBLE,2006-10-01,6-008,6-008,BRIDGEPORT VALLEY,BRIDGEPORT VALLEY,27.701437,74902
ENSEMBLE,2006-10-01,7-008,7-008,BRISTOL VALLEY,BRISTOL VALLEY,17.601783,7963
ENSEMBLE,2006-10-01,5-080,5-080,BRITE VALLEY,BRITE VALLEY,19.0,1324
ENSEMBLE,2006-10-01,6-032,6-032,BROADWELL VALLEY,BROADWELL VALLEY,,0
ENSEMBLE,2006-10-01,6-076,6-076,BROWN MOUNTAIN VALLEY,BROWN MOUNTAIN VALLEY,,0
ENSEMBLE,2006-10-01,7-054,7-054,BUCK RIDGE FAULT VALLEY,BUCK RIDGE FAULT VALLEY,,0
ENSEMBLE,2006-10-01,6-101,6-101,BULL FLAT,BULL FLAT,8.9375,48
ENSEMBLE,2006-10-01,5-048,5-048,BURNEY CREEK VALLEY,BURNEY CREEK VALLEY,23.856976,6852
ENSEMBLE,2006-10-01,5-017,5-017,BURNS VALLEY,BURNS VALLEY,27.475779,1734
ENSEMBLE,2006-10-01,5-051,5-051,BUTTE CREEK VALLEY,BUTTE CREEK VALLEY,,0
ENSEMBLE,2006-10-01,1-003,1-003,BUTTE VALLEY,BUTTE VALLEY,33.271405,149448
ENSEMBLE,2006-10-01,6-081,6-081,BUTTE VALLEY,BUTTE VALLEY,,0
ENSEMBLE,2006-10-01,6-070,6-070,CACTUS FLAT,CACTUS FLAT,,0
ENSEMBLE,2006-10-01,7-007,7-007,CADIZ VALLEY,CADIZ VALLEY,,0
ENSEMBLE,2006-10-01,6-090,6-090,CADY FAULT AREA,CADY FAULT AREA,,0
ENSEMBLE,2006-10-01,9-006,9-006,CAHUILLA VALLEY,CAHUILLA VALLEY,19.75872,6250
ENSEMBLE,2006-10-01,6-079,6-079,CALIFORNIA VALLEY,CALIFORNIA VALLEY,,0
ENSEMBLE,2006-10-01,7-041,7-041,CALZONA VALLEY,CALZONA VALLEY,,0
ENSEMBLE,2006-10-01,6-061,6-061,CAMEO AREA,CAMEO AREA,,0
ENSEMBLE,2006-10-01,9-028,9-028,CAMPO VALLEY,CAMPO VALLEY,17.84127,126
ENSEMBLE,2006-10-01,7-046,7-046,CANEBRAKE VALLEY,CANEBRAKE VALLEY,,0
ENSEMBLE,2006-10-01,3-007,3-007,CARMEL VALLEY,CARMEL VALLEY,43.940718,1282
ENSEMBLE,2006-10-01,3-018,3-018,CARPINTERIA,CARPINTERIA,65.401072,12681
ENSEMBLE,2006-10-01,3-019,3-019,CARRIZO PLAIN,CARRIZO PLAIN,8.905537,22739
ENSEMBLE,2006-10-01,6-006,6-006,CARSON VALLEY,CARSON VALLEY,39.893401,10516
ENSEMBLE,2006-10-01,5-029,5-029,CASTAC LAKE VALLEY,CASTAC LAKE VALLEY,36.154846,846
ENSEMBLE,2006-10-01,2-008,2-008,CASTRO VALLEY,CASTRO VALLEY,,0
ENSEMBLE,2006-10-01,6-038,6-038,CAVES CANYON VALLEY,CAVES CANYON VALLEY,,0
ENSEMBLE,2006-10-01,5-045,5-045,CAYTON VALLEY,CAYTON VALLEY,56.214824,4250
ENSEMBLE,2006-10-01,3-038,3-038,CAYUCOS VALLEY,CAYUCOS VALLEY,,0
ENSEMBLE,2006-10-01,7-043,7-043,CHEMEHUEVI VALLEY,CHEMEHUEVI VALLEY,,0
ENSEMBLE,2006-10-01,7-032,7-032,CHOCOLATE VALLEY,CHOCOLATE VALLEY,1.134328,67
ENSEMBLE,2006-10-01,3-005,3-005,CHOLAME VALLEY,CHOLAME VALLEY,23.71306,17718
ENSEMBLE,2006-10-01,3-042,3-042,CHORRO VALLEY,CHORRO VALLEY,39.338224,1295
ENSEMBLE,2006-10-01,5-061,5-061,CHROME TOWN AREA,CHROME TOWN AREA,3.457926,511
ENSEMBLE,2006-10-01,7-005,7-005,CHUCKWALLA VALLEY,CHUCKWALLA VALLEY,15.315161,4604
ENSEMBLE,2006-10-01,2-005,2-005,CLAYTON VALLEY,CLAYTON VALLEY,64.075153,652
ENSEMBLE,2006-10-01,5-066,5-066,CLEAR LAKE CACHE FORMATION,CLEAR LAKE CACHE FORMATION,27.593617,940
ENSEMBLE,2006-10-01,5-058,5-058,CLOVER VALLEY,CLOVER VALLEY,13.337484,1606
ENSEMBLE,2006-10-01,7-021.03,7-021,COACHELLA VALLEY,COACHELLA VALLEY - DESERT HOT SPRINGS,47.728714,2713
ENSEMBLE,2006-10-01,7-021.01,7-021,COACHELLA VALLEY,COACHELLA VALLEY - INDIO,48.553565,293745
ENSEMBLE,2006-10-01,7-021.02,7-021,COACHELLA VALLEY,COACHELLA VALLEY - MISSION CREEK,59.431493,978
ENSEMBLE,2006-10-01,7-021.04,7-021,COACHELLA VALLEY,COACHELLA VALLEY - SAN GORGONIO PASS,53.702247,356
ENSEMBLE,2006-10-01,4-011.04,4-011,COASTAL PLAIN OF LOS ANGELES,COASTAL PLAIN OF LOS ANGELES - CENTRAL,70.118772,7005
ENSEMBLE,2006-10-01,4-011.02,4-011,COASTAL PLAIN OF LOS ANGELES,COASTAL PLAIN OF LOS ANGELES - HOLLYWOOD,79.826625,323
ENSEMBLE,2006-10-01,4-011.01,4-011,COASTAL PLAIN OF LOS ANGELES,COASTAL PLAIN OF LOS ANGELES - SANTA MONICA,84.996178,4186
ENSEMBLE,2006-10-01,4-011.03,4-011,COASTAL PLAIN OF LOS ANGELES,COASTAL PLAIN OF LOS ANGELES - WEST COAST,60.747659,4058
ENSEMBLE,2006-10-01,8-001,8-001,COASTAL PLAIN OF ORANGE COUNTY,COASTAL PLAIN OF ORANGE COUNTY,51.664537,23946
ENSEMBLE,2006-10-01,9-033,9-033,COASTAL PLAIN OF SAN DIEGO,COASTAL PLAIN OF SAN DIEGO,65.080981,3507
ENSEMBLE,2006-10-01,6-072,6-072,COLES FLAT,COLES FLAT,,0
ENSEMBLE,2006-10-01,5-019,5-019,COLLAYOMI VALLEY,COLLAYOMI VALLEY,18.187516,3845
ENSEMBLE,2006-10-01,7-055,7-055,COLLINS VALLEY,COLLINS VALLEY,,0
ENSEMBLE,2006-10-01,4-010,4-010,CONEJO,CONEJO,75.628514,498
ENSEMBLE,2006-10-01,7-011,7-011,COPPER MOUNTAIN VALLEY,COPPER MOUNTAIN VALLEY,,0
ENSEMBLE,2006-10-01,3-002.01,3-002,CORRALITOS,CORRALITOS - PAJARO VALLEY,41.942728,109216
ENSEMBLE,2006-10-01,3-002.02,3-002,CORRALITOS,CORRALITOS - PURISIMA HIGHLANDS,42.87069,464
ENSEMBLE,2006-10-01,6-055,6-055,COSO VALLEY,COSO VALLEY,,0
ENSEMBLE,2006-10-01,1-037,1-037,COTTONEVA CREEK VALLEY,COTTONEVA CREEK VALLEY,,0
ENSEMBLE,2006-10-01,9-027,9-027,COTTONWOOD VALLEY,COTTONWOOD VALLEY,30.985714,70
ENSEMBLE,2006-10-01,1-011,1-011,COVELO ROUND VALLEY,COVELO ROUND VALLEY,28.21402,36576
ENSEMBLE,2006-10-01,6-091,6-091,COW HEAD LAKE VALLEY,COW HEAD LAKE VALLEY,16.1784,15639
ENSEMBLE,2006-10-01,6-037,6-037,COYOTE LAKE VALLEY,COYOTE LAKE VALLEY,8.331276,972
ENSEMBLE,2006-10-01,5-018,5-018,COYOTE VALLEY,COYOTE VALLEY,42.358127,6534
ENSEMBLE,2006-10-01,7-029,7-029,COYOTE WELLS VALLEY,COYOTE WELLS VALLEY,0.45,80
ENSEMBLE,2006-10-01,6-035,6-035,CRONISE VALLEY,CRONISE VALLEY,,0
ENSEMBLE,2006-10-01,6-050,6-050,CUDDEBACK VALLEY,CUDDEBACK VALLEY,,0
ENSEMBLE,2006-10-01,5-082,5-082,CUDDY CANYON VALLEY,CUDDY CANYON VALLEY,,0
ENSEMBLE,2006-10-01,5-083,5-083,CUDDY RANCH AREA,CUDDY RANCH AREA,,0
ENSEMBLE,2006-10-01,5-084,5-084,CUDDY VALLEY,CUDDY VALLEY,22.6875,16
ENSEMBLE,2006-10-01,5-027,5-027,CUMMINGS VALLEY,CUMMINGS VALLEY,41.459438,11464
ENSEMBLE,2006-10-01,3-013,3-013,CUYAMA VALLEY,CUYAMA VALLEY,24.309781,153773
ENSEMBLE,2006-10-01,7-009,7-009,DALE VALLEY,DALE VALLEY,6.144737,152
ENSEMBLE,2006-10-01,6-057,6-057,DARWIN VALLEY,DARWIN VALLEY,,0
ENSEMBLE,2006-10-01,7-061,7-061,DAVIES VALLEY,DAVIES VALLEY,,0
ENSEMBLE,2006-10-01,7-013.01,7-013,DEADMAN VALLEY,DEADMAN VALLEY - DEADMAN LAKE,,0
ENSEMBLE,2006-10-01,7-013.02,7-013,DEADMAN VALLEY,DEADMAN VALLEY - SURPRISE SPRING,,0
ENSEMBLE,2006-10-01,6-018,6-018,DEATH VALLEY,DEATH VALLEY,3.666667,18
ENSEMBLE,2006-10-01,6-015,6-015,DEEP SPRINGS VALLEY,DEEP SPRINGS VALLEY,53.955906,635
ENSEMBLE,2006-10-01,6-078,6-078,DENNING SPRING VALLEY,DENNING SPRING VALLEY,,0
ENSEMBLE,2006-10-01,1-034,1-034,DINSMORES TOWN AREA,DINSMORES TOWN AREA,14.918605,86
ENSEMBLE,2006-10-01,5-053,5-053,DIXIE VALLEY,DIXIE VALLEY,42.887588,11449
ENSEMBLE,2006-10-01,2-040,2-040,DOWNTOWN,DOWNTOWN,,0
ENSEMBLE,2006-10-01,5-049,5-049,DRY BURNEY CREEK VALLEY,DRY BURNEY CREEK VALLEY,,0
ENSEMBLE,2006-10-01,3-029,3-029,DRY LAKE VALLEY,DRY LAKE VALLEY,11.037037,540
ENSEMBLE,2006-10-01,6-095,6-095,DRY VALLEY,DRY VALLEY,,0
ENSEMBLE,2006-10-01,6-096,6-096,EAGLE LAKE AREA,EAGLE LAKE AREA,,0
ENSEMBLE,2006-10-01,7-033,7-033,EAST SALTON SEA,EAST SALTON SEA,35.282897,40262
ENSEMBLE,2006-10-01,1-044,1-044,EDEN VALLEY,EDEN VALLEY,13.292624,1654
ENSEMBLE,2006-10-01,1-010,1-010,EEL RIVER VALLEY,EEL RIVER VALLEY,63.190112,118088
ENSEMBLE,2006-10-01,5-041,5-041,EGG LAKE VALLEY,EGG LAKE VALLEY,,0
ENSEMBLE,2006-10-01,9-016,9-016,EL CAJON VALLEY,EL CAJON VALLEY,27.032258,31
ENSEMBLE,2006-10-01,6-043,6-043,EL MIRAGE VALLEY,EL MIRAGE VALLEY,32.966635,3207
ENSEMBLE,2006-10-01,5-062,5-062,ELK CREEK AREA,ELK CREEK AREA,22.811189,143
ENSEMBLE,2006-10-01,8-004.02,8-004,ELSINORE,ELSINORE - BEDFORD-COLDWATER,51.503454,1158
ENSEMBLE,2006-10-01,8-004.01,8-004,ELSINORE,ELSINORE - ELSINORE VALLEY,32.17757,107
ENSEMBLE,2006-10-01,9-009,9-009,ESCONDIDO VALLEY,ESCONDIDO VALLEY,28.558824,34
ENSEMBLE,2006-10-01,1-009,1-009,EUREKA PLAIN,EUREKA PLAIN,59.684037,20936
ENSEMBLE,2006-10-01,6-016,6-016,EUREKA VALLEY,EUREKA VALLEY,,0
ENSEMBLE,2006-10-01,1-022,1-022,FAIRCHILD SWAMP VALLEY,FAIRCHILD SWAMP VALLEY,,0
ENSEMBLE,2006-10-01,5-005,5-005,FALL RIVER VALLEY,FALL RIVER VALLEY,40.671554,134098
ENSEMBLE,2006-10-01,7-002,7-002,FENNER VALLEY,FENNER VALLEY,,0
ENSEMBLE,2006-10-01,6-014,6-014,FISH LAKE VALLEY,FISH LAKE VALLEY,60.47357,14340
ENSEMBLE,2006-10-01,3-053,3-053,FOOTHILL,FOOTHILL,68.514286,35
ENSEMBLE,2006-10-01,1-021,1-021,FORT BRAGG TERRACE AREA,FORT BRAGG TERRACE AREA,33.067674,9398
ENSEMBLE,2006-10-01,1-061,1-061,FORT ROSS TERRACE DEPOSITS,FORT ROSS TERRACE DEPOSITS,35.03714,1077
ENSEMBLE,2006-10-01,6-046,6-046,FREMONT VALLEY,FREMONT VALLEY,22.070292,1949
ENSEMBLE,2006-10-01,5-090,5-090,FUNKS CREEK,FUNKS CREEK,8.792862,3278
ENSEMBLE,2006-10-01,1-032,1-032,GARBERVILLE TOWN AREA,GARBERVILLE TOWN AREA,35.240672,536
ENSEMBLE,2006-10-01,1-020,1-020,GARCIA RIVER VALLEY,GARCIA RIVER VALLEY,51.71633,2725
ENSEMBLE,2006-10-01,3-003.01,3-003,GILROY-HOLLISTER VALLEY,GILROY-HOLLISTER VALLEY - LLAGAS AREA,31.492431,76695
ENSEMBLE,2006-10-01,3-003.05,3-003,GILROY-HOLLISTER VALLEY,GILROY-HOLLISTER VALLEY - NORTH SAN BENITO,31.81056,195075
ENSEMBLE,2006-10-01,6-085,6-085,GOLD VALLEY,GOLD VALLEY,,0
ENSEMBLE,2006-10-01,6-048,6-048,GOLDSTONE VALLEY,GOLDSTONE VALLEY,,0
ENSEMBLE,2006-10-01,3-016,3-016,GOLETA,GOLETA,59.328465,3355
ENSEMBLE,2006-10-01,5-001.02,5-001,GOOSE LAKE,GOOSE LAKE - FANDANGO VALLEY,25.711701,29126
ENSEMBLE,2006-10-01,5-001.01,5-001,GOOSE LAKE,GOOSE LAKE - GOOSE VALLEY,31.362092,55936
ENSEMBLE,2006-10-01,5-047,5-047,GOOSE VALLEY,GOOSE VALLEY,37.316303,15463
ENSEMBLE,2006-10-01,6-077,6-077,GRASS VALLEY,GRASS VALLEY,,0
ENSEMBLE,2006-10-01,6-094,6-094,GRASSHOPPER VALLEY,GRASSHOPPER VALLEY,15.976701,3734
ENSEMBLE,2006-10-01,1-048,1-048,GRAVELLY VALLEY,GRAVELLY VALLEY,,0
ENSEMBLE,2006-10-01,5-052,5-052,GRAYS VALLEY,GRAYS VALLEY,,0
ENSEMBLE,2006-10-01,6-084,6-084,GREENWATER VALLEY,GREENWATER VALLEY,,0
ENSEMBLE,2006-10-01,5-059,5-059,GRIZZLY VALLEY,GRIZZLY VALLEY,,0
ENSEMBLE,2006-10-01,2-022,2-022,HALF MOON BAY TERRACE,HALF MOON BAY TERRACE,48.199631,8666
ENSEMBLE,2006-10-01,1-015,1-015,HAPPY CAMP TOWN AREA,HAPPY CAMP TOWN AREA,40.969697,99
ENSEMBLE,2006-10-01,6-047,6-047,HARPER VALLEY,HARPER VALLEY,23.22287,5658
ENSEMBLE,2006-10-01,6-074,6-074,HARRISBURG FLATS,HARRISBURG FLATS,,0
ENSEMBLE,2006-10-01,6-093,6-093,HARVEY VALLEY,HARVEY VALLEY,,0
ENSEMBLE,2006-10-01,1-006,1-006,HAYFORK VALLEY,HAYFORK VALLEY,34.848154,3115
ENSEMBLE,2006-10-01,7-048,7-048,HELENDALE FAULT VALLEY,HELENDALE FAULT VALLEY,,0
ENSEMBLE,2006-10-01,8-006,8-006,HEMET LAKE VALLEY,HEMET LAKE VALLEY,,0
ENSEMBLE,2006-10-01,3-031,3-031,HERNANDEZ VALLEY,HERNANDEZ VALLEY,3.041131,389
ENSEMBLE,2006-10-01,1-036,1-036,HETTENSHAW VALLEY,HETTENSHAW VALLEY,11.255223,2202
ENSEMBLE,2006-10-01,7-053,7-053,HEXIE MOUNTAIN AREA,HEXIE MOUNTAIN AREA,,0
ENSEMBLE,2006-10-01,6-063,6-063,HIDDEN VALLEY,HIDDEN VALLEY,,0
ENSEMBLE,2006-10-01,4-016,4-016,HIDDEN VALLEY,HIDDEN VALLEY,31.327316,3767
ENSEMBLE,2006-10-01,5-016,5-016,HIGH VALLEY,HIGH VALLEY,14.473211,2781
ENSEMBLE,2006-10-01,6-004,6-004,HONEY LAKE VALLEY,HONEY LAKE VALLEY,29.958964,188784
ENSEMBLE,2006-10-01,1-029,1-029,HONEYDEW TOWN AREA,HONEYDEW TOWN AREA,18.664413,1183
ENSEMBLE,2006-10-01,1-007,1-007,HOOPA VALLEY,HOOPA VALLEY,43.918679,787
ENSEMBLE,2006-10-01,6-097,6-097,HORSE LAKE VALLEY,HORSE LAKE VALLEY,38.826067,4335
ENSEMBLE,2006-10-01,5-040,5-040,HOT SPRINGS VALLEY,HOT SPRINGS VALLEY,24.875383,3266
ENSEMBLE,2006-10-01,3-045,3-045,HUASNA VALLEY,HUASNA VALLEY,18.755496,3366
ENSEMBLE,2006-10-01,5-060,5-060,HUMBUG VALLEY,HUMBUG VALLEY,26.968591,1178
ENSEMBLE,2006-10-01,4-018,4-018,HUNGRY VALLEY,HUNGRY VALLEY,,0
ENSEMBLE,2006-10-01,1-035,1-035,HYAMPOM VALLEY,HYAMPOM VALLEY,28.686508,504
ENSEMBLE,2006-10-01,7-030,7-030,IMPERIAL VALLEY,IMPERIAL VALLEY,62.21114,1787557
ENSEMBLE,2006-10-01,5-009,5-009,INDIAN VALLEY,INDIAN VALLEY,43.771744,44586
ENSEMBLE,2006-10-01,6-054,6-054,INDIAN WELLS VALLEY,INDIAN WELLS VALLEY,30.088191,14616
ENSEMBLE,2006-10-01,7-050,7-050,IRON RIDGE AREA,IRON RIDGE AREA,,0
ENSEMBLE,2006-10-01,2-033,2-033,ISLAIS VALLEY,ISLAIS VALLEY,,0
ENSEMBLE,2006-10-01,6-030,6-030,IVANPAH VALLEY,IVANPAH VALLEY,64.179739,918
ENSEMBLE,2006-10-01,7-047,7-047,JACUMBA VALLEY,JACUMBA VALLEY,,0
ENSEMBLE,2006-10-01,5-003,5-003,JESS VALLEY,JESS VALLEY,31.415698,15658
ENSEMBLE,2006-10-01,7-018.01,7-018,JOHNSON VALLEY,JOHNSON VALLEY - SOGGY LAKE,0.583333,60
ENSEMBLE,2006-10-01,7-018.02,7-018,JOHNSON VALLEY,JOHNSON VALLEY - UPPER JOHNSON VALLEY,,0
ENSEMBLE,2006-10-01,5-086,5-086,JOSEPH CREEK,JOSEPH CREEK,28.871603,4673
ENSEMBLE,2006-10-01,7-062,7-062,JOSHUA TREE,JOSHUA TREE,,0
ENSEMBLE,2006-10-01,6-089,6-089,KANE WASH AREA,KANE WASH AREA,,0
ENSEMBLE,2006-10-01,6-069,6-069,KELSO LANDER VALLEY,KELSO LANDER VALLEY,,0
ENSEMBLE,2006-10-01,6-031,6-031,KELSO VALLEY,KELSO VALLEY,,0
ENSEMBLE,2006-10-01,2-019,2-019,KENWOOD VALLEY,KENWOOD VALLEY,30.436024,5674
ENSEMBLE,2006-10-01,5-025,5-025,KERN RIVER VALLEY,KERN RIVER VALLEY,31.597267,15077
ENSEMBLE,2006-10-01,1-002.02,1-002,KLAMATH RIVER VALLEY,KLAMATH RIVER VALLEY - LOWER KLAMATH,40.836817,93343
ENSEMBLE,2006-10-01,1-002.01,1-002,KLAMATH RIVER VALLEY,KLAMATH RIVER VALLEY - TULELAKE,35.53887,296556
ENSEMBLE,2006-10-01,1-050,1-050,KNIGHTS VALLEY,KNIGHTS VALLEY,31.123737,7322
ENSEMBLE,2006-10-01,5-007,5-007,LAKE ALMANOR VALLEY,LAKE ALMANOR VALLEY,46.239421,2623
ENSEMBLE,2006-10-01,5-046,5-046,LAKE BRITTON AREA,LAKE BRITTON AREA,43.417234,441
ENSEMBLE,2006-10-01,7-001,7-001,LANFAIR VALLEY,LANFAIR VALLEY,,0
ENSEMBLE,2006-10-01,6-036.02,6-036,LANGFORD VALLEY,LANGFORD VALLEY - IRWIN,,0
ENSEMBLE,2006-10-01,6-036.01,6-036,LANGFORD VALLEY,LANGFORD VALLEY - LANGFORD WELL LAKE,,0
ENSEMBLE,2006-10-01,1-033,1-033,LARABEE VALLEY,LARABEE VALLEY,16.014218,211
ENSEMBLE,2006-10-01,4-008,4-008,LAS POSAS VALLEY,LAS POSAS VALLEY,62.362755,90830
ENSEMBLE,2006-10-01,5-057,5-057,LAST CHANCE CREEK VALLEY,LAST CHANCE CREEK VALLEY,,0
ENSEMBLE,2006-10-01,7-014,7-014,LAVIC VALLEY,LAVIC VALLEY,,0
ENSEMBLE,2006-10-01,1-012,1-012,LAYTONVILLE VALLEY,LAYTONVILLE VALLEY,23.42356,5017
ENSEMBLE,2006-10-01,6-027,6-027,LEACH VALLEY,LEACH VALLEY,,0
ENSEMBLE,2006-10-01,6-066,6-066,LEE FLAT,LEE FLAT,,0
ENSEMBLE,2006-10-01,6-106,6-106,LITTLE ANTELOPE VALLEY,LITTLE ANTELOPE VALLEY,41.11263,1829
ENSEMBLE,2006-10-01,5-065,5-065,LITTLE INDIAN VALLEY,LITTLE INDIAN VALLEY,9.222222,18
ENSEMBLE,2006-10-01,1-013,1-013,LITTLE LAKE VALLEY,LITTLE LAKE VALLEY,25.799014,16230
ENSEMBLE,2006-10-01,1-041,1-041,LITTLE VALLEY,LITTLE VALLEY,53.264624,718
ENSEMBLE,2006-10-01,2-010,2-010,LIVERMORE VALLEY,LIVERMORE VALLEY,28.946152,31366
ENSEMBLE,2006-10-01,2-038,2-038,LOBOS,LOBOS,64.559892,743
ENSEMBLE,2006-10-01,3-006,3-006,LOCKWOOD VALLEY,LOCKWOOD VALLEY,16.363494,22966
ENSEMBLE,2006-10-01,4-017,4-017,LOCKWOOD VALLEY,LOCKWOOD VALLEY,8.275,120
ENSEMBLE,2006-10-01,6-011,6-011,LONG VALLEY,LONG VALLEY,31.286503,28621
ENSEMBLE,2006-10-01,5-044,5-044,LONG VALLEY,LONG VALLEY,,0
ENSEMBLE,2006-10-01,6-104,6-104,LONG VALLEY,LONG VALLEY,21.534844,6486
ENSEMBLE,2006-10-01,5-031,5-031,LONG VALLEY,LONG VALLEY,19.65833,2719
ENSEMBLE,2006-10-01,5-070,5-070,LOS BANOS CREEK VALLEY,LOS BANOS CREEK VALLEY,,0
ENSEMBLE,2006-10-01,3-008.01,3-008,LOS OSOS VALLEY,LOS OSOS VALLEY - LOS OSOS AREA,49.708574,1901
ENSEMBLE,2006-10-01,3-008.02,3-008,LOS OSOS VALLEY,LOS OSOS VALLEY - WARDEN CREEK,40.21889,4235
ENSEMBLE,2006-10-01,7-051,7-051,LOST HORSE VALLEY,LOST HORSE VALLEY,,0
ENSEMBLE,2006-10-01,6-071,6-071,LOST LAKE VALLEY,LOST LAKE VALLEY,,0
ENSEMBLE,2006-10-01,6-021,6-021,LOWER KINGSTON VALLEY,LOWER KINGSTON VALLEY,,0
ENSEMBLE,2006-10-01,1-014,1-014,LOWER KLAMATH RIVER VALLEY,LOWER KLAMATH RIVER VALLEY,57.663762,1377
ENSEMBLE,2006-10-01,5-030,5-030,LOWER LAKE VALLEY,LOWER LAKE VALLEY,23.269291,635
ENSEMBLE,2006-10-01,1-038,1-038,LOWER LAYTONVILLE VALLEY,LOWER LAYTONVILLE VALLEY,15.711584,423
ENSEMBLE,2006-10-01,6-040,6-040,LOWER MOJAVE RIVER VALLEY,LOWER MOJAVE RIVER VALLEY,68.578935,17375
ENSEMBLE,2006-10-01,1-060,1-060,LOWER RUSSIAN RIVER VALLEY,LOWER RUSSIAN RIVER VALLEY,40.199523,5453
ENSEMBLE,2006-10-01,7-019,7-019,LUCERNE VALLEY,LUCERNE VALLEY,36.642241,9962
ENSEMBLE,2006-10-01,1-008.02,1-008,MAD RIVER VALLEY,MAD RIVER VALLEY - DOWS PRAIRIE SCHOOL AREA,64.459166,5902
ENSEMBLE,2006-10-01,1-008.01,1-008,MAD RIVER VALLEY,MAD RIVER VALLEY - MAD RIVER LOWLAND,65.481798,27470
ENSEMBLE,2006-10-01,6-002,6-002,MADELINE PLAINS,MADELINE PLAINS,27.644378,97657
ENSEMBLE,2006-10-01,3-051,3-051,MAJORS CREEK,MAJORS CREEK,61.989319,749
ENSEMBLE,2006-10-01,4-022,4-022,MALIBU VALLEY,MALIBU VALLEY,73.25,40
ENSEMBLE,2006-10-01,6-064,6-064,MARBLE CANYON AREA,MARBLE CANYON AREA,,0
ENSEMBLE,2006-10-01,2-039,2-039,MARINA,MARINA,,0
ENSEMBLE,2006-10-01,6-067,6-067,MARTIS VALLEY,MARTIS VALLEY,35.555168,3444
ENSEMBLE,2006-10-01,7-059,7-059,MASON VALLEY,MASON VALLEY,,0
ENSEMBLE,2006-10-01,1-028,1-028,MATTOLE RIVER VALLEY,MATTOLE RIVER VALLEY,28.350733,2797
ENSEMBLE,2006-10-01,5-035,5-035,MCCLOUD AREA,MCCLOUD AREA,71.213904,187
ENSEMBLE,2006-10-01,5-095,5-095,MEADOW VALLEY,MEADOW VALLEY,39.208649,925
ENSEMBLE,2006-10-01,7-017,7-017,MEANS VALLEY,MEANS VALLEY,1.333333,42
ENSEMBLE,2006-10-01,6-029,6-029,MESQUITE VALLEY,MESQUITE VALLEY,59.156105,9058
ENSEMBLE,2006-10-01,6-020,6-020,MIDDLE AMARGOSA VALLEY,MIDDLE AMARGOSA VALLEY,35.688073,109
ENSEMBLE,2006-10-01,5-094,5-094,MIDDLE CREEK,MIDDLE CREEK,40.140741,135
ENSEMBLE,2006-10-01,5-087,5-087,MIDDLE FORK FEATHER RIVER,MIDDLE FORK FEATHER RIVER,36.382353,646
ENSEMBLE,2006-10-01,6-041,6-041,MIDDLE MOJAVE RIVER VALLEY,MIDDLE MOJAVE RIVER VALLEY,52.815483,3268
ENSEMBLE,2006-10-01,6-080,6-080,MIDDLE PARK CANYON,MIDDLE PARK CANYON,,0
ENSEMBLE,2006-10-01,5-085,5-085,MIL POTRERO AREA,MIL POTRERO AREA,58.910714,112
ENSEMBLE,2006-10-01,9-014,9-014,MISSION VALLEY,MISSION VALLEY,74.237636,829
ENSEMBLE,2006-10-01,5-011,5-011,MOHAWK VALLEY,MOHAWK VALLEY,40.033685,6531
ENSEMBLE,2006-10-01,6-009,6-009,MONO VALLEY,MONO VALLEY,12.355649,239
ENSEMBLE,2006-10-01,3-049,3-049,MONTECITO,MONTECITO,71.41928,1722
ENSEMBLE,2006-10-01,7-020,7-020,MORONGO VALLEY,MORONGO VALLEY,9.571429,21
ENSEMBLE,2006-10-01,3-041,3-041,MORRO VALLEY,MORRO VALLEY,62.240129,1241
ENSEMBLE,2006-10-01,5-008,5-008,MOUNTAIN MEADOWS VALLEY,MOUNTAIN MEADOWS VALLEY,29.196309,23845
ENSEMBLE,2006-10-01,1-056,1-056,McDOWELL VALLEY,McDOWELL VALLEY,36.189016,2804
ENSEMBLE,2006-10-01,2-002.01,2-002,NAPA-SONOMA VALLEY,NAPA-SONOMA VALLEY - NAPA VALLEY,35.984767,93416
ENSEMBLE,2006-10-01,2-002.03,2-002,NAPA-SONOMA VALLEY,NAPA-SONOMA VALLEY - NAPA-SONOMA LOWLANDS,35.940735,23572
ENSEMBLE,2006-10-01,2-002.02,2-002,NAPA-SONOMA VALLEY,NAPA-SONOMA VALLEY - SONOMA VALLEY,28.704062,80598
ENSEMBLE,2006-10-01,1-046,1-046,NAVARRO RIVER VALLEY,NAVARRO RIVER VALLEY,,0
ENSEMBLE,2006-10-01,3-052,3-052,NEEDLE ROCK POINT,NEEDLE ROCK POINT,63.106583,1595
ENSEMBLE,2006-10-01,7-044,7-044,NEEDLES VALLEY,NEEDLES VALLEY,83.703299,16397
ENSEMBLE,2006-10-01,5-050,5-050,NORTH FORK BATTLE CREEK,NORTH FORK BATTLE CREEK,37.734687,2808
ENSEMBLE,2006-10-01,2-030,2-030,NOVATO VALLEY,NOVATO VALLEY,45.770828,14596
ENSEMBLE,2006-10-01,7-025,7-025,OCOTILLO-CLARK VALLEY,OCOTILLO-CLARK VALLEY,39.09867,37509
ENSEMBLE,2006-10-01,7-035,7-035,OGILBY VALLEY,OGILBY VALLEY,16.816503,3357
ENSEMBLE,2006-10-01,4-002,4-002,OJAI VALLEY,OJAI VALLEY,65.696365,9327
ENSEMBLE,2006-10-01,3-039,3-039,OLD VALLEY,OLD VALLEY,42.287805,205
ENSEMBLE,2006-10-01,6-108,6-108,OLYMPIC VALLEY,OLYMPIC VALLEY,33.488449,303
ENSEMBLE,2006-10-01,7-031,7-031,OROCOPIA VALLEY,OROCOPIA VALLEY,0.018634,161
ENSEMBLE,2006-10-01,6-012.02,6-012,OWENS VALLEY,OWENS VALLEY - FISH SLOUGH,,0
ENSEMBLE,2006-10-01,6-012.01,6-012,OWENS VALLEY,OWENS VALLEY - OWENS VALLEY,52.903288,93070
ENSEMBLE,2006-10-01,6-088,6-088,OWL LAKE VALLEY,OWL LAKE VALLEY,,0
ENSEMBLE,2006-10-01,6-028,6-028,PAHRUMP VALLEY,PAHRUMP VALLEY,,0
ENSEMBLE,2006-10-01,6-099,6-099,PAINTERS FLAT,PAINTERS FLAT,32.35481,1133
ENSEMBLE,2006-10-01,7-039,7-039,PALO VERDE MESA,PALO VERDE MESA,64.314845,161308
ENSEMBLE,2006-10-01,7-038,7-038,PALO VERDE VALLEY,PALO VERDE VALLEY,73.605851,224174
ENSEMBLE,2006-10-01,9-024,9-024,PAMO VALLEY,PAMO VALLEY,,0
ENSEMBLE,2006-10-01,6-058,6-058,PANAMINT VALLEY,PANAMINT VALLEY,,0
ENSEMBLE,2006-10-01,5-023,5-023,PANOCHE VALLEY,PANOCHE VALLEY,6.192777,1966
ENSEMBLE,2006-10-01,3-032,3-032,PEACH TREE VALLEY,PEACH TREE VALLEY,12.905363,1268
ENSEMBLE,2006-10-01,1-030,1-030,PEPPERWOOD TOWN AREA,PEPPERWOOD TOWN AREA,63.390576,3523
ENSEMBLE,2006-10-01,2-026,2-026,PESCADERO VALLEY,PESCADERO VALLEY,47.71879,2347
ENSEMBLE,2006-10-01,2-001,2-001,PETALUMA VALLEY,PETALUMA VALLEY,27.354687,46221
ENSEMBLE,2006-10-01,6-051,6-051,PILOT KNOB VALLEY,PILOT KNOB VALLEY,,0
ENSEMBLE,2006-10-01,6-092,6-092,PINE CREEK VALLEY,PINE CREEK VALLEY,6.875,64
ENSEMBLE,2006-10-01,7-006,7-006,PINTO VALLEY,PINTO VALLEY,,0
ENSEMBLE,2006-10-01,7-049,7-049,PIPES CANYON FAULT VALLEY,PIPES CANYON FAULT VALLEY,,0
ENSEMBLE,2006-10-01,2-004,2-004,PITTSBURG PLAIN,PITTSBURG PLAIN,,0
ENSEMBLE,2006-10-01,7-045,7-045,PIUTE VALLEY,PIUTE VALLEY,,0
ENSEMBLE,2006-10-01,7-052,7-052,PLEASANT VALLEY,PLEASANT VALLEY,,0
ENSEMBLE,2006-10-01,4-006,4-006,PLEASANT VALLEY,PLEASANT VALLEY,57.489216,33196
ENSEMBLE,2006-10-01,5-038,5-038,PONDOSA TOWN AREA,PONDOSA TOWN AREA,,0
ENSEMBLE,2006-10-01,5-068,5-068,POPE VALLEY,POPE VALLEY,32.387313,12659
ENSEMBLE,2006-10-01,9-029,9-029,POTRERO VALLEY,POTRERO VALLEY,21.595687,371
ENSEMBLE,2006-10-01,1-051,1-051,POTTER VALLEY,POTTER VALLEY,54.657147,20554
ENSEMBLE,2006-10-01,9-013,9-013,POWAY VALLEY,POWAY VALLEY,,0
ENSEMBLE,2006-10-01,3-044,3-044,POZO VALLEY,POZO VALLEY,17.446369,2713
ENSEMBLE,2006-10-01,1-025,1-025,PRAIRIE CREEK AREA,PRAIRIE CREEK AREA,,0
ENSEMBLE,2006-10-01,7-040,7-040,QUIEN SABE POINT VALLEY,QUIEN SABE POINT VALLEY,63.073446,708
ENSEMBLE,2006-10-01,3-024,3-024,QUIEN SABE VALLEY,QUIEN SABE VALLEY,3.787161,11403
ENSEMBLE,2006-10-01,6-062,6-062,RACE TRACK VALLEY,RACE TRACK VALLEY,,0
ENSEMBLE,2006-10-01,3-046,3-046,RAFAEL VALLEY,RAFAEL VALLEY,13.0,1
ENSEMBLE,2006-10-01,9-025,9-025,RANCHITA TOWN AREA,RANCHITA TOWN AREA,19.659091,44
ENSEMBLE,2006-10-01,4-023,4-023,RAYMOND,RAYMOND,74.576005,1717
ENSEMBLE,2006-10-01,6-024,6-024,RED PASS VALLEY,RED PASS VALLEY,,0
ENSEMBLE,2006-10-01,1-018,1-018,RED ROCK VALLEY,RED ROCK VALLEY,41.008598,22680
ENSEMBLE,2006-10-01,5-006.03,5-006,REDDING AREA,REDDING AREA - ANDERSON,53.159461,42951
ENSEMBLE,2006-10-01,5-006.01,5-006,REDDING AREA,REDDING AREA - BOWMAN,59.791921,18219
ENSEMBLE,2006-10-01,5-006.04,5-006,REDDING AREA,REDDING AREA - ENTERPRISE,44.362431,22476
ENSEMBLE,2006-10-01,5-006.05,5-006,REDDING AREA,REDDING AREA - MILLVILLE,46.599207,9082
ENSEMBLE,2006-10-01,5-006.06,5-006,REDDING AREA,REDDING AREA - SOUTH BATTLE CREEK,59.311576,7982
ENSEMBLE,2006-10-01,1-026,1-026,REDWOOD CREEK AREA,REDWOOD CREEK AREA,66.463496,2712
ENSEMBLE,2006-10-01,6-086,6-086,RHODES HILL AREA,RHODES HILL AREA,,0
ENSEMBLE,2006-10-01,7-004,7-004,RICE VALLEY,RICE VALLEY,98.822294,619
ENSEMBLE,2006-10-01,6-023,6-023,RIGGS VALLEY,RIGGS VALLEY,,0
ENSEMBLE,2006-10-01,3-043,3-043,RINCONADA VALLEY,RINCONADA VALLEY,31.468868,2907
ENSEMBLE,2006-10-01,5-043,5-043,ROCK PRAIRIE VALLEY,ROCK PRAIRIE VALLEY,,0
ENSEMBLE,2006-10-01,6-056,6-056,ROSE VALLEY,ROSE VALLEY,,0
ENSEMBLE,2006-10-01,2-028,2-028,ROSS VALLEY,ROSS VALLEY,,0
ENSEMBLE,2006-10-01,5-036,5-036,ROUND VALLEY,ROUND VALLEY,22.95102,14312
ENSEMBLE,2006-10-01,4-020,4-020,RUSSELL VALLEY,RUSSELL VALLEY,68.900763,131
ENSEMBLE,2006-10-01,5-021.54,5-021,SACRAMENTO VALLEY,SACRAMENTO VALLEY - ANTELOPE,65.43055,37689
ENSEMBLE,2006-10-01,5-021.53,5-021,SACRAMENTO VALLEY,SACRAMENTO VALLEY - BEND,48.731019,2621
ENSEMBLE,2006-10-01,5-021.70,5-021,SACRAMENTO VALLEY,SACRAMENTO VALLEY - BUTTE,52.048227,817606
ENSEMBLE,2006-10-01,5-021.52,5-021,SACRAMENTO VALLEY,SACRAMENTO VALLEY - COLUSA,41.165602,2198924
ENSEMBLE,2006-10-01,5-021.51,5-021,SACRAMENTO VALLEY,SACRAMENTO VALLEY - CORNING,45.553371,348885
ENSEMBLE,2006-10-01,5-021.56,5-021,SACRAMENTO VALLEY,SACRAMENTO VALLEY - LOS MOLINOS,61.157143,77700
ENSEMBLE,2006-10-01,5-021.64,5-021,SACRAMENTO VALLEY,SACRAMENTO VALLEY - NORTH AMERICAN,42.207495,553454
ENSEMBLE,2006-10-01,5-021.60,5-021,SACRAMENTO VALLEY,SACRAMENTO VALLEY - NORTH YUBA,57.278709,171444
ENSEMBLE,2006-10-01,5-021.50,5-021,SACRAMENTO VALLEY,SACRAMENTO VALLEY - RED BLUFF,40.5455,175098
ENSEMBLE,2006-10-01,5-021.66,5-021,SACRAMENTO VALLEY,SACRAMENTO VALLEY - SOLANO,42.781667,931583
ENSEMBLE,2006-10-01,5-021.65,5-021,SACRAMENTO VALLEY,SACRAMENTO VALLEY - SOUTH AMERICAN,46.399831,248983
ENSEMBLE,2006-10-01,5-021.61,5-021,SACRAMENTO VALLEY,SACRAMENTO VALLEY - SOUTH YUBA,49.734267,215148
ENSEMBLE,2006-10-01,5-021.62,5-021,SACRAMENTO VALLEY,SACRAMENTO VALLEY - SUTTER,39.224601,862677
ENSEMBLE,2006-10-01,5-021.57,5-021,SACRAMENTO VALLEY,SACRAMENTO VALLEY - VINA,56.838918,355464
ENSEMBLE,2006-10-01,5-021.69,5-021,SACRAMENTO VALLEY,SACRAMENTO VALLEY - WYANDOTTE CREEK,44.535891,72218
ENSEMBLE,2006-10-01,5-021.67,5-021,SACRAMENTO VALLEY,SACRAMENTO VALLEY - YOLO,35.172244,1423435
ENSEMBLE,2006-10-01,3-004.01,3-004,SALINAS VALLEY,SALINAS VALLEY - 180/400 FOOT AQUIFER,44.95807,244978
ENSEMBLE,2006-10-01,3-004.11,3-004,SALINAS VALLEY,SALINAS VALLEY - ATASCADERO AREA,24.542015,25586
ENSEMBLE,2006-10-01,3-004.02,3-004,SALINAS VALLEY,SALINAS VALLEY - EAST SIDE AQUIFER,40.457466,155489
ENSEMBLE,2006-10-01,3-004.04,3-004,SALINAS VALLEY,SALINAS VALLEY - FOREBAY AQUIFER,43.797229,261975
ENSEMBLE,2006-10-01,3-004.09,3-004,SALINAS VALLEY,SALINAS VALLEY - LANGLEY AREA,31.939138,8396
ENSEMBLE,2006-10-01,3-004.10,3-004,SALINAS VALLEY,SALINAS VALLEY - MONTEREY,42.683482,3033
ENSEMBLE,2006-10-01,3-004.06,3-004,SALINAS VALLEY,SALINAS VALLEY - PASO ROBLES AREA,27.171459,339924
ENSEMBLE,2006-10-01,3-004.08,3-004,SALINAS VALLEY,SALINAS VALLEY - SEASIDE,60.105904,1643
ENSEMBLE,2006-10-01,3-004.05,3-004,SALINAS VALLEY,SALINAS VALLEY - UPPER VALLEY AQUIFER,36.300809,280181
ENSEMBLE,2006-10-01,6-017,6-017,SALINE VALLEY,SALINE VALLEY,,0
ENSEMBLE,2006-10-01,6-053,6-053,SALT WELLS VALLEY,SALT WELLS VALLEY,,0
ENSEMBLE,2006-10-01,3-014,3-014,SAN ANTONIO CREEK VALLEY,SAN ANTONIO CREEK VALLEY,41.777207,63229
ENSEMBLE,2006-10-01,3-028,3-028,SAN BENITO RIVER VALLEY,SAN BENITO RIVER VALLEY,17.887031,4187
ENSEMBLE,2006-10-01,3-033,3-033,SAN CARPOFORO VALLEY,SAN CARPOFORO VALLEY,,0
ENSEMBLE,2006-10-01,9-015,9-015,SAN DIEGO RIVER VALLEY,SAN DIEGO RIVER VALLEY,52.466198,1139
ENSEMBLE,2006-10-01,9-012,9-012,SAN DIEGUITO CREEK,SAN DIEGUITO CREEK,69.244099,1610
ENSEMBLE,2006-10-01,9-023,9-023,SAN ELIJO VALLEY,SAN ELIJO VALLEY,57.88,25
ENSEMBLE,2006-10-01,7-027,7-027,SAN FELIPE VALLEY,SAN FELIPE VALLEY,6.932432,74
ENSEMBLE,2006-10-01,4-012,4-012,SAN FERNANDO VALLEY,SAN FERNANDO VALLEY,73.228205,8431
ENSEMBLE,2006-10-01,4-013,4-013,SAN GABRIEL VALLEY,SAN GABRIEL VALLEY,65.576868,9139
ENSEMBLE,2006-10-01,2-024,2-024,SAN GREGORIO VALLEY,SAN GREGORIO VALLEY,50.269027,1130
ENSEMBLE,2006-10-01,8-005,8-005,SAN JACINTO,SAN JACINTO,28.354064,135450
ENSEMBLE,2006-10-01,5-022.05,5-022,SAN JOAQUIN VALLEY,SAN JOAQUIN VALLEY - CHOWCHILLA,48.417308,545902
ENSEMBLE,2006-10-01,5-022.16,5-022,SAN JOAQUIN VALLEY,SAN JOAQUIN VALLEY - COSUMNES,42.112138,250879
ENSEMBLE,2006-10-01,5-022.07,5-022,SAN JOAQUIN VALLEY,SAN JOAQUIN VALLEY - DELTA-MENDOTA,48.368241,2031921
ENSEMBLE,2006-10-01,5-022.19,5-022,SAN JOAQUIN VALLEY,SAN JOAQUIN VALLEY - EAST CONTRA COSTA,39.033761,180148
ENSEMBLE,2006-10-01,5-022.01,5-022,SAN JOAQUIN VALLEY,SAN JOAQUIN VALLEY - EASTERN SAN JOAQUIN,45.920987,1846604
ENSEMBLE,2006-10-01,5-022.11,5-022,SAN JOAQUIN VALLEY,SAN JOAQUIN VALLEY - KAWEAH,49.465471,1384319
ENSEMBLE,2006-10-01,5-022.14,5-022,SAN JOAQUIN VALLEY,SAN JOAQUIN VALLEY - KERN COUNTY,48.116167,3709451
ENSEMBLE,2006-10-01,5-022.17,5-022,SAN JOAQUIN VALLEY,SAN JOAQUIN VALLEY - KETTLEMAN PLAIN,15.7645,135911
ENSEMBLE,2006-10-01,5-022.08,5-022,SAN JOAQUIN VALLEY,SAN JOAQUIN VALLEY - KINGS,49.291902,2980354
ENSEMBLE,2006-10-01,5-022.06,5-022,SAN JOAQUIN VALLEY,SAN JOAQUIN VALLEY - MADERA,45.259061,953242
ENSEMBLE,2006-10-01,5-022.04,5-022,SAN JOAQUIN VALLEY,SAN JOAQUIN VALLEY - MERCED,43.109585,1185008
ENSEMBLE,2006-10-01,5-022.02,5-022,SAN JOAQUIN VALLEY,SAN JOAQUIN VALLEY - MODESTO,48.178202,583344
ENSEMBLE,2006-10-01,5-022.10,5-022,SAN JOAQUIN VALLEY,SAN JOAQUIN VALLEY - PLEASANT VALLEY,13.339958,120709
ENSEMBLE,2006-10-01,5-022.15,5-022,SAN JOAQUIN VALLEY,SAN JOAQUIN VALLEY - TRACY,47.203789,626628
ENSEMBLE,2006-10-01,5-022.12,5-022,SAN JOAQUIN VALLEY,SAN JOAQUIN VALLEY - TULARE LAKE,42.766012,1573377
ENSEMBLE,2006-10-01,5-022.13,5-022,SAN JOAQUIN VALLEY,SAN JOAQUIN VALLEY - TULE,44.740473,1579994
ENSEMBLE,2006-10-01,5-022.03,5-022,SAN JOAQUIN VALLEY,SAN JOAQUIN VALLEY - TURLOCK,48.280568,1022516
ENSEMBLE,2006-10-01,5-022.09,5-022,SAN JOAQUIN VALLEY,SAN JOAQUIN VALLEY - WESTSIDE,37.463218,2400602
ENSEMBLE,2006-10-01,5-022.18,5-022,SAN JOAQUIN VALLEY,SAN JOAQUIN VALLEY - WHITE WOLF,44.140789,162939
ENSEMBLE,2006-10-01,9-001,9-001,SAN JUAN VALLEY,SAN JUAN VALLEY,47.388644,2272
ENSEMBLE,2006-10-01,3-009,3-009,SAN LUIS OBISPO VALLEY,SAN LUIS OBISPO VALLEY,31.349577,16683
ENSEMBLE,2006-10-01,9-007.02,9-007,SAN LUIS REY VALLEY,SAN LUIS REY VALLEY - LOWER SAN LUIS REY VALLEY,56.106006,2764
ENSEMBLE,2006-10-01,9-007.01,9-007,SAN LUIS REY VALLEY,SAN LUIS REY VALLEY - UPPER SAN LUIS REY VALLEY,57.521897,25597
ENSEMBLE,2006-10-01,9-032,9-032,SAN MARCOS AREA,SAN MARCOS AREA,58.481481,27
ENSEMBLE,2006-10-01,9-002,9-002,SAN MATEO VALLEY,SAN MATEO VALLEY,14.111111,9
ENSEMBLE,2006-10-01,9-003,9-003,SAN ONOFRE VALLEY,SAN ONOFRE VALLEY,,0
ENSEMBLE,2006-10-01,9-010,9-010,SAN PASQUAL VALLEY,SAN PASQUAL VALLEY,53.035245,7689
ENSEMBLE,2006-10-01,2-036,2-036,SAN PEDRO VALLEY,SAN PEDRO VALLEY,47.75,24
ENSEMBLE,2006-10-01,2-029,2-029,SAN RAFAEL VALLEY,SAN RAFAEL VALLEY,,0
ENSEMBLE,2006-10-01,2-007,2-007,SAN RAMON VALLEY,SAN RAMON VALLEY,54.497354,378
ENSEMBLE,2006-10-01,3-035,3-035,SAN SIMEON VALLEY,SAN SIMEON VALLEY,44.060185,216
ENSEMBLE,2006-10-01,2-027,2-027,SAND POINT AREA,SAND POINT AREA,16.831064,20564
ENSEMBLE,2006-10-01,1-053,1-053,SANEL VALLEY,SANEL VALLEY,45.985862,11812
ENSEMBLE,2006-10-01,3-022,3-022,SANTA ANA VALLEY,SANTA ANA VALLEY,11.785555,7158
ENSEMBLE,2006-10-01,3-017,3-017,SANTA BARBARA,SANTA BARBARA,73.864553,694
ENSEMBLE,2006-10-01,4-004.05,4-004,SANTA CLARA RIVER VALLEY,SANTA CLARA RIVER VALLEY - FILLMORE,64.001935,50121
ENSEMBLE,2006-10-01,4-004.03,4-004,SANTA CLARA RIVER VALLEY,SANTA CLARA RIVER VALLEY - MOUND,66.887146,9499
ENSEMBLE,2006-10-01,4-004.02,4-004,SANTA CLARA RIVER VALLEY,SANTA CLARA RIVER VALLEY - OXNARD,59.162616,106699
ENSEMBLE,2006-10-01,4-004.06,4-004,SANTA CLARA RIVER VALLEY,SANTA CLARA RIVER VALLEY - PIRU,50.673731,23073
ENSEMBLE,2006-10-01,4-004.07,4-004,SANTA CLARA RIVER VALLEY,SANTA CLARA RIVER VALLEY - SANTA CLARA RIVER VALLEY EAST,49.984869,6807
ENSEMBLE,2006-10-01,4-004.04,4-004,SANTA CLARA RIVER VALLEY,SANTA CLARA RIVER VALLEY - SANTA PAULA,61.376124,40609
ENSEMBLE,2006-10-01,2-009.04,2-009,SANTA CLARA VALLEY,SANTA CLARA VALLEY - EAST BAY PLAIN,55.736367,2989
ENSEMBLE,2006-10-01,2-009.01,2-009,SANTA CLARA VALLEY,SANTA CLARA VALLEY - NILES CONE,27.345617,1791
ENSEMBLE,2006-10-01,2-009.03,2-009,SANTA CLARA VALLEY,SANTA CLARA VALLEY - SAN MATEO PLAIN,51.912371,1358
ENSEMBLE,2006-10-01,2-009.02,2-009,SANTA CLARA VALLEY,SANTA CLARA VALLEY - SANTA CLARA,44.259054,25790
ENSEMBLE,2006-10-01,3-001,3-001,SANTA CRUZ MID-COUNTY,SANTA CRUZ MID-COUNTY,47.505942,3955
ENSEMBLE,2006-10-01,3-027,3-027,SANTA MARGARITA,SANTA MARGARITA,37.798658,298
ENSEMBLE,2006-10-01,9-004,9-004,SANTA MARGARITA VALLEY,SANTA MARGARITA VALLEY,,0
ENSEMBLE,2006-10-01,3-012.02,3-012,SANTA MARIA RIVER VALLEY,SANTA MARIA RIVER VALLEY - ARROYO GRANDE,50.58533,6176
ENSEMBLE,2006-10-01,3-012.01,3-012,SANTA MARIA RIVER VALLEY,SANTA MARIA RIVER VALLEY - SANTA MARIA,49.26932,262758
ENSEMBLE,2006-10-01,9-011,9-011,SANTA MARIA VALLEY,SANTA MARIA VALLEY,28.266688,3176
ENSEMBLE,2006-10-01,6-068,6-068,SANTA ROSA FLAT,SANTA ROSA FLAT,,0
ENSEMBLE,2006-10-01,3-036,3-036,SANTA ROSA VALLEY,SANTA ROSA VALLEY,36.684767,2744
ENSEMBLE,2006-10-01,1-055.02,1-055,SANTA ROSA VALLEY,SANTA ROSA VALLEY - HEALDSBURG AREA,36.74797,31401
ENSEMBLE,2006-10-01,1-055.03,1-055,SANTA ROSA VALLEY,SANTA ROSA VALLEY - RINCON VALLEY,28.311532,581
ENSEMBLE,2006-10-01,1-055.01,1-055,SANTA ROSA VALLEY,SANTA ROSA VALLEY - SANTA ROSA PLAIN,36.506159,81016
ENSEMBLE,2006-10-01,3-015,3-015,SANTA YNEZ RIVER VALLEY,SANTA YNEZ RIVER VALLEY,37.715729,118162
ENSEMBLE,2006-10-01,1-005,1-005,SCOTT RIVER VALLEY,SCOTT RIVER VALLEY,40.191066,147258
ENSEMBLE,2006-10-01,5-014,5-014,SCOTTS VALLEY,SCOTTS VALLEY,40.717645,7271
ENSEMBLE,2006-10-01,6-052,6-052,SEARLES VALLEY,SEARLES VALLEY,,0
ENSEMBLE,2006-10-01,6-100,6-100,SECRET VALLEY,SECRET VALLEY,30.265207,12379
ENSEMBLE,2006-10-01,1-016,1-016,SEIAD VALLEY,SEIAD VALLEY,33.98861,439
ENSEMBLE,2006-10-01,8-008,8-008,SEVEN OAKS VALLEY,SEVEN OAKS VALLEY,,0
ENSEMBLE,2006-10-01,1-004,1-004,SHASTA VALLEY,SHASTA VALLEY,41.415437,257678
ENSEMBLE,2006-10-01,1-042,1-042,SHERWOOD VALLEY,SHERWOOD VALLEY,,0
ENSEMBLE,2006-10-01,5-012.02,5-012,SIERRA VALLEY,SIERRA VALLEY - CHILCOOT,40.025613,5505
ENSEMBLE,2006-10-01,5-012.01,5-012,SIERRA VALLEY,SIERRA VALLEY - SIERRA VALLEY,31.199423,213275
ENSEMBLE,2006-10-01,6-034,6-034,SILVER LAKE VALLEY,SILVER LAKE VALLEY,,0
ENSEMBLE,2006-10-01,4-009,4-009,SIMI VALLEY,SIMI VALLEY,66.987664,1297
ENSEMBLE,2006-10-01,6-105,6-105,SLINKARD VALLEY,SLINKARD VALLEY,,0
ENSEMBLE,2006-10-01,1-001,1-001,SMITH RIVER PLAIN,SMITH RIVER PLAIN,59.600896,36364
ENSEMBLE,2006-10-01,6-033,6-033,SODA LAKE VALLEY,SODA LAKE VALLEY,,0
ENSEMBLE,2006-10-01,2-037,2-037,SOUTH SAN FRANCISCO,SOUTH SAN FRANCISCO,,0
ENSEMBLE,2006-10-01,6-082,6-082,SPRING CANYON VALLEY,SPRING CANYON VALLEY,,0
ENSEMBLE,2006-10-01,5-089,5-089,SQUAW FLAT,SQUAW FLAT,,0
ENSEMBLE,2006-10-01,5-088,5-088,STONY GORGE RESERVOIR,STONY GORGE RESERVOIR,27.311203,964
ENSEMBLE,2006-10-01,5-063,5-063,STONYFORD TOWN AREA,STONYFORD TOWN AREA,41.585948,3857
ENSEMBLE,2006-10-01,2-003,2-003,SUISUN-FAIRFIELD VALLEY,SUISUN-FAIRFIELD VALLEY,31.435984,91868
ENSEMBLE,2006-10-01,2-011,2-011,SUNOL VALLEY,SUNOL VALLEY,31.576087,1656
ENSEMBLE,2006-10-01,6-049,6-049,SUPERIOR VALLEY,SUPERIOR VALLEY,,0
ENSEMBLE,2006-10-01,6-001,6-001,SURPRISE VALLEY,SURPRISE VALLEY,33.720822,234180
ENSEMBLE,2006-10-01,6-107,6-107,SWEETWATER FLAT,SWEETWATER FLAT,36.787037,324
ENSEMBLE,2006-10-01,6-005.03,6-005,TAHOE VALLEY,TAHOE VALLEY - TAHOE NORTH,42.633333,210
ENSEMBLE,2006-10-01,6-005.01,6-005,TAHOE VALLEY,TAHOE VALLEY - TAHOE SOUTH,39.14702,755
ENSEMBLE,2006-10-01,6-005.02,6-005,TAHOE VALLEY,TAHOE VALLEY - TAHOE WEST,37.245614,171
ENSEMBLE,2006-10-01,6-045,6-045,TEHACHAPI VALLEY EAST,TEHACHAPI VALLEY EAST,25.28849,3397
ENSEMBLE,2006-10-01,5-028,5-028,TEHACHAPI VALLEY WEST,TEHACHAPI VALLEY WEST,24.608811,4540
ENSEMBLE,2006-10-01,9-005,9-005,TEMECULA VALLEY,TEMECULA VALLEY,37.504655,20517
ENSEMBLE,2006-10-01,1-040,1-040,TEN MILE RIVER VALLEY,TEN MILE RIVER VALLEY,51.956938,209
ENSEMBLE,2006-10-01,7-026,7-026,TERWILLIGER VALLEY,TERWILLIGER VALLEY,35.52071,169
ENSEMBLE,2006-10-01,4-019,4-019,THOUSAND OAKS AREA,THOUSAND OAKS AREA,80.454545,385
ENSEMBLE,2006-10-01,4-015,4-015,TIERRA REJADA,TIERRA REJADA,47.142962,4092
ENSEMBLE,2006-10-01,5-037,5-037,TOAD WELL AREA,TOAD WELL AREA,,0
ENSEMBLE,2006-10-01,3-040,3-040,TORO VALLEY,TORO VALLEY,16.594595,370
ENSEMBLE,2006-10-01,6-098,6-098,TULEDAD CANYON VALLEY,TULEDAD CANYON VALLEY,16.764516,310
ENSEMBLE,2006-10-01,7-010,7-010,TWENTYNINE PALMS VALLEY,TWENTYNINE PALMS VALLEY,32.855422,747
ENSEMBLE,2006-10-01,1-052,1-052,UKIAH VALLEY,UKIAH VALLEY,43.651325,43476
ENSEMBLE,2006-10-01,6-022,6-022,UPPER KINGSTON VALLEY,UPPER KINGSTON VALLEY,,0
ENSEMBLE,2006-10-01,5-013,5-013,UPPER LAKE VALLEY,UPPER LAKE VALLEY,38.028357,12413
ENSEMBLE,2006-10-01,6-042,6-042,UPPER MOJAVE RIVER VALLEY,UPPER MOJAVE RIVER VALLEY,46.911085,6748
ENSEMBLE,2006-10-01,4-001,4-001,UPPER OJAI VALLEY,UPPER OJAI VALLEY,27.092289,3294
ENSEMBLE,2006-10-01,3-023,3-023,UPPER SANTA ANA VALLEY,UPPER SANTA ANA VALLEY,5.714286,7
ENSEMBLE,2006-10-01,8-002.05,8-002,UPPER SANTA ANA VALLEY,UPPER SANTA ANA VALLEY - CAJON,18.205882,170
ENSEMBLE,2006-10-01,8-002.01,8-002,UPPER SANTA ANA VALLEY,UPPER SANTA ANA VALLEY - CHINO,37.562296,29440
ENSEMBLE,2006-10-01,8-002.02,8-002,UPPER SANTA ANA VALLEY,UPPER SANTA ANA VALLEY - CUCAMONGA,63.304478,670
ENSEMBLE,2006-10-01,8-002.04,8-002,UPPER SANTA ANA VALLEY,UPPER SANTA ANA VALLEY - RIALTO-COLTON,46.039106,1253
ENSEMBLE,2006-10-01,8-002.03,8-002,UPPER SANTA ANA VALLEY,UPPER SANTA ANA VALLEY - RIVERSIDE-ARLINGTON,51.310826,13966
ENSEMBLE,2006-10-01,8-002.06,8-002,UPPER SANTA ANA VALLEY,UPPER SANTA ANA VALLEY - SAN BERNARDINO,48.351614,15554
ENSEMBLE,2006-10-01,8-002.08,8-002,UPPER SANTA ANA VALLEY,UPPER SANTA ANA VALLEY - SAN TIMOTEO,50.826227,4667
ENSEMBLE,2006-10-01,8-002.09,8-002,UPPER SANTA ANA VALLEY,UPPER SANTA ANA VALLEY - TEMESCAL,51.384615,845
ENSEMBLE,2006-10-01,8-002.07,8-002,UPPER SANTA ANA VALLEY,UPPER SANTA ANA VALLEY - YUCAIPA,37.287964,2858
ENSEMBLE,2006-10-01,7-028,7-028,VALLECITO-CARRIZO VALLEY,VALLECITO-CARRIZO VALLEY,,0
ENSEMBLE,2006-10-01,5-071,5-071,VALLECITOS CREEK VALLEY,VALLECITOS CREEK VALLEY,,0
ENSEMBLE,2006-10-01,7-063,7-063,VANDEVENTER FLAT,VANDEVENTER FLAT,,0
ENSEMBLE,2006-10-01,4-003.02,4-003,VENTURA RIVER VALLEY,VENTURA RIVER VALLEY - LOWER VENTURA RIVER,48.897798,1771
ENSEMBLE,2006-10-01,4-003.01,4-003,VENTURA RIVER VALLEY,VENTURA RIVER VALLEY - UPPER VENTURA RIVER,53.763043,2300
ENSEMBLE,2006-10-01,7-042,7-042,VIDAL VALLEY,VIDAL VALLEY,,0
ENSEMBLE,2006-10-01,3-037,3-037,VILLA VALLEY,VILLA VALLEY,39.807963,854
ENSEMBLE,2006-10-01,2-032,2-032,VISITACION VALLEY,VISITACION VALLEY,56.780899,178
ENSEMBLE,2006-10-01,5-026,5-026,WALKER BASIN CREEK VALLEY,WALKER BASIN CREEK VALLEY,21.349303,6387
ENSEMBLE,2006-10-01,7-003,7-003,WARD VALLEY,WARD VALLEY,,0
ENSEMBLE,2006-10-01,9-008,9-008,WARNER VALLEY,WARNER VALLEY,55.297376,343
ENSEMBLE,2006-10-01,7-012,7-012,WARREN VALLEY,WARREN VALLEY,26.898551,345
ENSEMBLE,2006-10-01,1-031,1-031,WEOTT TOWN AREA,WEOTT TOWN AREA,67.265774,523
ENSEMBLE,2006-10-01,7-022,7-022,WEST SALTON SEA,WEST SALTON SEA,,0
ENSEMBLE,2006-10-01,3-026,3-026,WEST SANTA CRUZ TERRACE,WEST SANTA CRUZ TERRACE,58.891807,1599
ENSEMBLE,2006-10-01,2-035,2-035,WESTSIDE,WESTSIDE,64.318015,3808
ENSEMBLE,2006-10-01,6-073,6-073,WILD HORSE MESA AREA,WILD HORSE MESA AREA,,0
ENSEMBLE,2006-10-01,6-075,6-075,WILDROSE CANYON,WILDROSE CANYON,,0
ENSEMBLE,2006-10-01,1-043,1-043,WILLIAMS VALLEY,WILLIAMS VALLEY,21.263918,485
ENSEMBLE,2006-10-01,6-003,6-003,WILLOW CREEK VALLEY,WILLOW CREEK VALLEY,39.539773,26463
ENSEMBLE,2006-10-01,1-059,1-059,WILSON GROVE FORMATION HIGHLANDS,WILSON GROVE FORMATION HIGHLANDS,24.98013,70610
ENSEMBLE,2006-10-01,1-062,1-062,WILSON POINT AREA,WILSON POINT AREA,36.333333,9
ENSEMBLE,2006-10-01,6-019,6-019,WINGATE VALLEY,WINGATE VALLEY,,0
ENSEMBLE,2006-10-01,7-056,7-056,YAQUI WELL AREA,YAQUI WELL AREA,,0
ENSEMBLE,2006-10-01,5-056,5-056,YELLOW CREEK VALLEY,YELLOW CREEK VALLEY,32.164818,5861
ENSEMBLE,2006-10-01,2-006,2-006,YGNACIO VALLEY,YGNACIO VALLEY,57.958025,405
ENSEMBLE,2006-10-01,5-069,5-069,YOSEMITE VALLEY,YOSEMITE VALLEY,,0
ENSEMBLE,2006-10-01,7-036,7-036,YUMA VALLEY,YUMA VALLEY,41.709698,66610
