MODEL,DATE,Basin_Subb,Basin_Numb,Basin_Name,Basin_Su_1,ET_MEAN,ET_MEDIAN,ET_PCT25,ET_PCT75,ET_STDDEV,PIXEL_COUNT
DISALEXI,2005-05-01,4-005,4-005,ACTON VALLEY,ACTON VALLEY,56.0269,57.0,45.0,65.0,15.2725,668
DISALEXI,2005-05-01,6-010,6-010,ADOBE LAKE VALLEY,ADOBE LAKE VALLEY,,,,,,0
DISALEXI,2005-05-01,1-054.01,1-054,ALEXANDER VALLEY,ALEXANDER VALLEY - ALEXANDER AREA,86.1263,86.0,76.0,96.0,15.3113,39743
DISALEXI,2005-05-01,1-054.02,1-054,ALEXANDER VALLEY,ALEXANDER VALLEY - CLOVERDALE AREA,86.6083,87.0,78.0,96.0,14.9897,9502
DISALEXI,2005-05-01,5-002.01,5-002,ALTURAS AREA,ALTURAS AREA - SOUTH FORK PITT RIVER,82.0431,80.0,64.0,97.0,26.6097,159465
DISALEXI,2005-05-01,5-002.02,5-002,ALTURAS AREA,ALTURAS AREA - WARM SPRINGS VALLEY,74.2954,73.0,59.0,88.0,21.6525,74391
DISALEXI,2005-05-01,5-010,5-010,AMERICAN VALLEY,AMERICAN VALLEY,76.3785,78.0,66.0,88.0,17.7981,9746
DISALEXI,2005-05-01,7-016,7-016,AMES VALLEY,AMES VALLEY,,,,,,0
DISALEXI,2005-05-01,7-034,7-034,AMOS VALLEY,AMOS VALLEY,,,,,,0
DISALEXI,2005-05-01,1-019,1-019,ANDERSON VALLEY,ANDERSON VALLEY,84.1759,83.0,69.0,97.0,21.7844,5982
DISALEXI,2005-05-01,1-049,1-049,ANNAPOLIS OHLSON RANCH FORMATION HIGHLANDS,ANNAPOLIS OHLSON RANCH FORMATION HIGHLANDS,87.2048,86.0,74.0,100.0,22.2117,2353
DISALEXI,2005-05-01,5-091,5-091,ANTELOPE CREEK,ANTELOPE CREEK,69.504,68.0,62.0,78.0,11.1478,1605
DISALEXI,2005-05-01,6-044,6-044,ANTELOPE VALLEY,ANTELOPE VALLEY,88.2491,80.0,50.0,127.0,47.7265,137884
DISALEXI,2005-05-01,6-007,6-007,ANTELOPE VALLEY,ANTELOPE VALLEY,99.851,101.0,85.0,117.0,24.2312,48489
DISALEXI,2005-05-01,3-034,3-034,ARROYO DE LA CRUZ VALLEY,ARROYO DE LA CRUZ VALLEY,189.4813,190.5,172.0,206.0,19.9949,374
DISALEXI,2005-05-01,2-031,2-031,ARROYO DEL HAMBRE VALLEY,ARROYO DEL HAMBRE VALLEY,,,,,,0
DISALEXI,2005-05-01,4-007,4-007,ARROYO SANTA ROSA VALLEY,ARROYO SANTA ROSA VALLEY,100.8959,101.0,83.0,116.0,24.1,7870
DISALEXI,2005-05-01,7-037,7-037,ARROYO SECO VALLEY,ARROYO SECO VALLEY,,,,,,0
DISALEXI,2005-05-01,5-054,5-054,ASH VALLEY,ASH VALLEY,79.3842,78.0,63.0,94.0,22.8565,12105
DISALEXI,2005-05-01,6-026,6-026,AVAWATZ VALLEY,AVAWATZ VALLEY,,,,,,0
DISALEXI,2005-05-01,3-020,3-020,A�O NUEVO AREA,A�O NUEVO AREA,134.5125,136.0,127.0,144.0,14.801,1877
DISALEXI,2005-05-01,9-022,9-022,BATIQUITOS LAGOON VALLEY,BATIQUITOS LAGOON VALLEY,131.6758,131.0,119.0,143.0,19.8756,620
DISALEXI,2005-05-01,8-009,8-009,BEAR VALLEY,BEAR VALLEY,90.653,89.0,82.0,98.0,13.7538,219
DISALEXI,2005-05-01,5-064,5-064,BEAR VALLEY,BEAR VALLEY,77.2863,78.0,74.0,81.0,5.4128,510
DISALEXI,2005-05-01,5-020,5-020,BERRYESSA VALLEY,BERRYESSA VALLEY,,,,,,0
DISALEXI,2005-05-01,7-015,7-015,BESSEMER VALLEY,BESSEMER VALLEY,,,,,,0
DISALEXI,2005-05-01,6-025,6-025,BICYCLE VALLEY,BICYCLE VALLEY,,,,,,0
DISALEXI,2005-05-01,1-027,1-027,BIG LAGOON AREA,BIG LAGOON AREA,,,,,,0
DISALEXI,2005-05-01,8-007,8-007,BIG MEADOWS VALLEY,BIG MEADOWS VALLEY,,,,,,0
DISALEXI,2005-05-01,1-045,1-045,BIG RIVER VALLEY,BIG RIVER VALLEY,,,,,,0
DISALEXI,2005-05-01,3-047,3-047,BIG SPRING AREA,BIG SPRING AREA,69.8322,73.0,55.0,81.0,15.7817,918
DISALEXI,2005-05-01,5-015,5-015,BIG VALLEY,BIG VALLEY,100.1783,100.0,84.0,118.0,24.2962,39663
DISALEXI,2005-05-01,5-004,5-004,BIG VALLEY,BIG VALLEY,91.4592,91.0,72.0,110.0,25.515,162833
DISALEXI,2005-05-01,3-030,3-030,BITTER WATER VALLEY,BITTER WATER VALLEY,60.6617,64.0,39.0,86.0,29.5316,7575
DISALEXI,2005-05-01,6-013,6-013,BLACK SPRINGS VALLEY,BLACK SPRINGS VALLEY,,,,,,0
DISALEXI,2005-05-01,5-092,5-092,BLANCHARD VALLEY,BLANCHARD VALLEY,63.8035,63.0,59.0,68.0,7.2742,1130
DISALEXI,2005-05-01,1-057,1-057,BODEGA BAY AREA,BODEGA BAY AREA,112.974,112.0,102.0,123.0,15.7587,154
DISALEXI,2005-05-01,7-024.01,7-024,BORREGO VALLEY,BORREGO VALLEY - BORREGO SPRINGS,71.9876,76.0,28.0,105.0,46.3069,17397
DISALEXI,2005-05-01,7-024.02,7-024,BORREGO VALLEY,BORREGO VALLEY - OCOTILLO WELLS,14.5833,13.0,7.5,19.0,9.3404,12
DISALEXI,2005-05-01,1-039,1-039,BRANSCOMB TOWN AREA,BRANSCOMB TOWN AREA,,,,,,0
DISALEXI,2005-05-01,1-017,1-017,BRAY TOWN AREA,BRAY TOWN AREA,82.3442,81.0,64.0,101.0,23.7197,4250
DISALEXI,2005-05-01,6-008,6-008,BRIDGEPORT VALLEY,BRIDGEPORT VALLEY,96.9776,99.0,76.0,119.0,29.7047,74902
DISALEXI,2005-05-01,7-008,7-008,BRISTOL VALLEY,BRISTOL VALLEY,24.6071,4.0,2.0,11.0,41.5718,7963
DISALEXI,2005-05-01,5-080,5-080,BRITE VALLEY,BRITE VALLEY,110.7764,111.0,93.0,128.0,20.3313,1324
DISALEXI,2005-05-01,6-032,6-032,BROADWELL VALLEY,BROADWELL VALLEY,,,,,,0
DISALEXI,2005-05-01,6-076,6-076,BROWN MOUNTAIN VALLEY,BROWN MOUNTAIN VALLEY,,,,,,0
DISALEXI,2005-05-01,7-054,7-054,BUCK RIDGE FAULT VALLEY,BUCK RIDGE FAULT VALLEY,,,,,,0
DISALEXI,2005-05-01,6-101,6-101,BULL FLAT,BULL FLAT,37.5208,37.0,31.5,45.0,8.5024,48
DISALEXI,2005-05-01,5-048,5-048,BURNEY CREEK VALLEY,BURNEY CREEK VALLEY,117.5477,118.0,108.0,128.0,13.6807,6852
DISALEXI,2005-05-01,5-017,5-017,BURNS VALLEY,BURNS VALLEY,75.6292,75.0,66.0,88.0,16.6538,1734
DISALEXI,2005-05-01,5-051,5-051,BUTTE CREEK VALLEY,BUTTE CREEK VALLEY,,,,,,0
DISALEXI,2005-05-01,1-003,1-003,BUTTE VALLEY,BUTTE VALLEY,71.2751,72.0,53.0,92.0,27.1194,147526
DISALEXI,2005-05-01,6-081,6-081,BUTTE VALLEY,BUTTE VALLEY,,,,,,0
DISALEXI,2005-05-01,6-070,6-070,CACTUS FLAT,CACTUS FLAT,,,,,,0
DISALEXI,2005-05-01,7-007,7-007,CADIZ VALLEY,CADIZ VALLEY,,,,,,0
DISALEXI,2005-05-01,6-090,6-090,CADY FAULT AREA,CADY FAULT AREA,,,,,,0
DISALEXI,2005-05-01,9-006,9-006,CAHUILLA VALLEY,CAHUILLA VALLEY,66.579,70.0,42.0,89.0,26.615,6250
DISALEXI,2005-05-01,6-079,6-079,CALIFORNIA VALLEY,CALIFORNIA VALLEY,,,,,,0
DISALEXI,2005-05-01,7-041,7-041,CALZONA VALLEY,CALZONA VALLEY,,,,,,0
DISALEXI,2005-05-01,6-061,6-061,CAMEO AREA,CAMEO AREA,,,,,,0
DISALEXI,2005-05-01,9-028,9-028,CAMPO VALLEY,CAMPO VALLEY,52.2063,52.0,40.0,65.0,15.6024,126
DISALEXI,2005-05-01,7-046,7-046,CANEBRAKE VALLEY,CANEBRAKE VALLEY,,,,,,0
DISALEXI,2005-05-01,3-007,3-007,CARMEL VALLEY,CARMEL VALLEY,61.0755,60.0,46.0,72.0,21.3598,1259
DISALEXI,2005-05-01,3-018,3-018,CARPINTERIA,CARPINTERIA,141.5375,143.0,119.0,166.0,32.688,12105
DISALEXI,2005-05-01,3-019,3-019,CARRIZO PLAIN,CARRIZO PLAIN,68.3435,64.0,49.0,83.0,27.6888,22739
DISALEXI,2005-05-01,6-006,6-006,CARSON VALLEY,CARSON VALLEY,83.8506,81.0,64.0,104.0,27.38,10506
DISALEXI,2005-05-01,5-029,5-029,CASTAC LAKE VALLEY,CASTAC LAKE VALLEY,105.0035,112.0,75.0,136.0,32.5144,846
DISALEXI,2005-05-01,2-008,2-008,CASTRO VALLEY,CASTRO VALLEY,,,,,,0
DISALEXI,2005-05-01,6-038,6-038,CAVES CANYON VALLEY,CAVES CANYON VALLEY,,,,,,0
DISALEXI,2005-05-01,5-045,5-045,CAYTON VALLEY,CAYTON VALLEY,87.9781,87.0,76.0,99.0,17.8837,4250
DISALEXI,2005-05-01,3-038,3-038,CAYUCOS VALLEY,CAYUCOS VALLEY,,,,,,0
DISALEXI,2005-05-01,7-043,7-043,CHEMEHUEVI VALLEY,CHEMEHUEVI VALLEY,,,,,,0
DISALEXI,2005-05-01,7-032,7-032,CHOCOLATE VALLEY,CHOCOLATE VALLEY,28.7015,24.0,20.0,31.0,12.5805,67
DISALEXI,2005-05-01,3-005,3-005,CHOLAME VALLEY,CHOLAME VALLEY,80.1274,79.0,60.0,99.0,26.6505,17718
DISALEXI,2005-05-01,3-042,3-042,CHORRO VALLEY,CHORRO VALLEY,108.8364,107.0,95.0,120.0,20.8819,1265
DISALEXI,2005-05-01,5-061,5-061,CHROME TOWN AREA,CHROME TOWN AREA,74.2583,75.0,67.0,80.0,9.422,511
DISALEXI,2005-05-01,7-005,7-005,CHUCKWALLA VALLEY,CHUCKWALLA VALLEY,29.4281,1.0,0.0,58.0,45.3575,4604
DISALEXI,2005-05-01,2-005,2-005,CLAYTON VALLEY,CLAYTON VALLEY,110.1518,118.0,106.0,128.0,33.0271,652
DISALEXI,2005-05-01,5-066,5-066,CLEAR LAKE CACHE FORMATION,CLEAR LAKE CACHE FORMATION,79.2053,82.0,71.0,88.0,12.9443,940
DISALEXI,2005-05-01,5-058,5-058,CLOVER VALLEY,CLOVER VALLEY,78.424,79.0,70.0,86.0,12.3982,1606
DISALEXI,2005-05-01,7-021.03,7-021,COACHELLA VALLEY,COACHELLA VALLEY - DESERT HOT SPRINGS,83.962,99.0,41.0,123.0,47.9831,2713
DISALEXI,2005-05-01,7-021.01,7-021,COACHELLA VALLEY,COACHELLA VALLEY - INDIO,99.792,109.0,56.0,138.0,50.314,278247
DISALEXI,2005-05-01,7-021.02,7-021,COACHELLA VALLEY,COACHELLA VALLEY - MISSION CREEK,110.8139,122.0,93.0,139.0,41.8931,978
DISALEXI,2005-05-01,7-021.04,7-021,COACHELLA VALLEY,COACHELLA VALLEY - SAN GORGONIO PASS,111.9944,113.0,102.0,125.0,23.2587,356
DISALEXI,2005-05-01,4-011.04,4-011,COASTAL PLAIN OF LOS ANGELES,COASTAL PLAIN OF LOS ANGELES - CENTRAL,149.7974,151.0,136.0,165.0,25.3005,7005
DISALEXI,2005-05-01,4-011.02,4-011,COASTAL PLAIN OF LOS ANGELES,COASTAL PLAIN OF LOS ANGELES - HOLLYWOOD,172.2508,173.0,166.0,178.0,10.4595,323
DISALEXI,2005-05-01,4-011.01,4-011,COASTAL PLAIN OF LOS ANGELES,COASTAL PLAIN OF LOS ANGELES - SANTA MONICA,171.5996,173.0,159.0,186.0,19.7994,4186
DISALEXI,2005-05-01,4-011.03,4-011,COASTAL PLAIN OF LOS ANGELES,COASTAL PLAIN OF LOS ANGELES - WEST COAST,157.1526,161.0,144.0,175.0,26.9774,3984
DISALEXI,2005-05-01,8-001,8-001,COASTAL PLAIN OF ORANGE COUNTY,COASTAL PLAIN OF ORANGE COUNTY,125.5461,125.0,95.0,154.0,35.4946,23875
DISALEXI,2005-05-01,9-033,9-033,COASTAL PLAIN OF SAN DIEGO,COASTAL PLAIN OF SAN DIEGO,147.6924,152.0,134.0,167.0,27.8436,3485
DISALEXI,2005-05-01,6-072,6-072,COLES FLAT,COLES FLAT,,,,,,0
DISALEXI,2005-05-01,5-019,5-019,COLLAYOMI VALLEY,COLLAYOMI VALLEY,78.6561,81.0,63.0,93.0,20.2057,3838
DISALEXI,2005-05-01,7-055,7-055,COLLINS VALLEY,COLLINS VALLEY,,,,,,0
DISALEXI,2005-05-01,4-010,4-010,CONEJO,CONEJO,105.8193,105.0,95.0,116.0,17.1761,498
DISALEXI,2005-05-01,7-011,7-011,COPPER MOUNTAIN VALLEY,COPPER MOUNTAIN VALLEY,,,,,,0
DISALEXI,2005-05-01,3-002.01,3-002,CORRALITOS,CORRALITOS - PAJARO VALLEY,94.9284,94.0,81.0,108.0,21.4262,101930
DISALEXI,2005-05-01,3-002.02,3-002,CORRALITOS,CORRALITOS - PURISIMA HIGHLANDS,102.2478,100.0,91.0,113.0,17.8174,464
DISALEXI,2005-05-01,6-055,6-055,COSO VALLEY,COSO VALLEY,,,,,,0
DISALEXI,2005-05-01,1-037,1-037,COTTONEVA CREEK VALLEY,COTTONEVA CREEK VALLEY,,,,,,0
DISALEXI,2005-05-01,9-027,9-027,COTTONWOOD VALLEY,COTTONWOOD VALLEY,62.0857,63.0,52.0,73.0,14.5256,70
DISALEXI,2005-05-01,1-011,1-011,COVELO ROUND VALLEY,COVELO ROUND VALLEY,102.3465,105.0,93.0,115.0,17.0525,36576
DISALEXI,2005-05-01,6-091,6-091,COW HEAD LAKE VALLEY,COW HEAD LAKE VALLEY,67.308,66.0,45.0,88.0,27.6463,15639
DISALEXI,2005-05-01,6-037,6-037,COYOTE LAKE VALLEY,COYOTE LAKE VALLEY,31.8807,32.0,7.0,49.0,24.5508,972
DISALEXI,2005-05-01,5-018,5-018,COYOTE VALLEY,COYOTE VALLEY,74.5363,75.0,60.0,87.0,20.0116,6534
DISALEXI,2005-05-01,7-029,7-029,COYOTE WELLS VALLEY,COYOTE WELLS VALLEY,0.825,0.0,0.0,0.0,3.9172,80
DISALEXI,2005-05-01,6-035,6-035,CRONISE VALLEY,CRONISE VALLEY,,,,,,0
DISALEXI,2005-05-01,6-050,6-050,CUDDEBACK VALLEY,CUDDEBACK VALLEY,,,,,,0
DISALEXI,2005-05-01,5-082,5-082,CUDDY CANYON VALLEY,CUDDY CANYON VALLEY,,,,,,0
DISALEXI,2005-05-01,5-083,5-083,CUDDY RANCH AREA,CUDDY RANCH AREA,,,,,,0
DISALEXI,2005-05-01,5-084,5-084,CUDDY VALLEY,CUDDY VALLEY,78.8125,77.0,72.5,84.0,7.6911,16
DISALEXI,2005-05-01,5-027,5-027,CUMMINGS VALLEY,CUMMINGS VALLEY,93.3118,86.0,66.0,121.0,31.1636,11464
DISALEXI,2005-05-01,3-013,3-013,CUYAMA VALLEY,CUYAMA VALLEY,68.3738,61.0,30.0,103.0,45.4258,153773
DISALEXI,2005-05-01,7-009,7-009,DALE VALLEY,DALE VALLEY,1.9211,0.0,0.0,2.0,3.3649,152
DISALEXI,2005-05-01,6-057,6-057,DARWIN VALLEY,DARWIN VALLEY,,,,,,0
DISALEXI,2005-05-01,7-061,7-061,DAVIES VALLEY,DAVIES VALLEY,,,,,,0
DISALEXI,2005-05-01,7-013.01,7-013,DEADMAN VALLEY,DEADMAN VALLEY - DEADMAN LAKE,,,,,,0
DISALEXI,2005-05-01,7-013.02,7-013,DEADMAN VALLEY,DEADMAN VALLEY - SURPRISE SPRING,,,,,,0
DISALEXI,2005-05-01,6-018,6-018,DEATH VALLEY,DEATH VALLEY,20.7778,15.5,10.0,39.0,13.7903,18
DISALEXI,2005-05-01,6-015,6-015,DEEP SPRINGS VALLEY,DEEP SPRINGS VALLEY,86.6598,83.0,71.0,100.0,23.0169,635
DISALEXI,2005-05-01,6-078,6-078,DENNING SPRING VALLEY,DENNING SPRING VALLEY,,,,,,0
DISALEXI,2005-05-01,1-034,1-034,DINSMORES TOWN AREA,DINSMORES TOWN AREA,67.0465,64.5,57.0,78.0,13.5937,86
DISALEXI,2005-05-01,5-053,5-053,DIXIE VALLEY,DIXIE VALLEY,77.6694,77.0,64.0,91.0,19.0687,11449
DISALEXI,2005-05-01,2-040,2-040,DOWNTOWN,DOWNTOWN,,,,,,0
DISALEXI,2005-05-01,5-049,5-049,DRY BURNEY CREEK VALLEY,DRY BURNEY CREEK VALLEY,,,,,,0
DISALEXI,2005-05-01,3-029,3-029,DRY LAKE VALLEY,DRY LAKE VALLEY,57.0074,56.0,50.0,64.0,10.9725,540
DISALEXI,2005-05-01,6-095,6-095,DRY VALLEY,DRY VALLEY,,,,,,0
DISALEXI,2005-05-01,6-096,6-096,EAGLE LAKE AREA,EAGLE LAKE AREA,,,,,,0
DISALEXI,2005-05-01,7-033,7-033,EAST SALTON SEA,EAST SALTON SEA,74.9077,70.0,36.0,104.0,48.6213,40132
DISALEXI,2005-05-01,1-044,1-044,EDEN VALLEY,EDEN VALLEY,66.1983,65.0,58.0,74.0,12.6279,1654
DISALEXI,2005-05-01,1-010,1-010,EEL RIVER VALLEY,EEL RIVER VALLEY,132.1046,135.0,116.0,149.0,23.8594,94877
DISALEXI,2005-05-01,5-041,5-041,EGG LAKE VALLEY,EGG LAKE VALLEY,,,,,,0
DISALEXI,2005-05-01,9-016,9-016,EL CAJON VALLEY,EL CAJON VALLEY,87.7742,87.0,79.0,94.0,9.462,31
DISALEXI,2005-05-01,6-043,6-043,EL MIRAGE VALLEY,EL MIRAGE VALLEY,95.2476,92.0,44.0,141.0,62.6919,3207
DISALEXI,2005-05-01,5-062,5-062,ELK CREEK AREA,ELK CREEK AREA,70.7622,71.0,63.0,78.0,11.58,143
DISALEXI,2005-05-01,8-004.02,8-004,ELSINORE,ELSINORE - BEDFORD-COLDWATER,75.5389,73.0,57.0,89.0,25.0783,1158
DISALEXI,2005-05-01,8-004.01,8-004,ELSINORE,ELSINORE - ELSINORE VALLEY,89.1308,91.0,82.0,106.0,20.9802,107
DISALEXI,2005-05-01,9-009,9-009,ESCONDIDO VALLEY,ESCONDIDO VALLEY,86.8824,85.5,73.0,101.0,18.3155,34
DISALEXI,2005-05-01,1-009,1-009,EUREKA PLAIN,EUREKA PLAIN,146.208,148.0,137.0,157.0,15.6766,19474
DISALEXI,2005-05-01,6-016,6-016,EUREKA VALLEY,EUREKA VALLEY,,,,,,0
DISALEXI,2005-05-01,1-022,1-022,FAIRCHILD SWAMP VALLEY,FAIRCHILD SWAMP VALLEY,,,,,,0
DISALEXI,2005-05-01,5-005,5-005,FALL RIVER VALLEY,FALL RIVER VALLEY,94.1803,94.0,81.0,107.0,19.3703,134086
DISALEXI,2005-05-01,7-002,7-002,FENNER VALLEY,FENNER VALLEY,,,,,,0
DISALEXI,2005-05-01,6-014,6-014,FISH LAKE VALLEY,FISH LAKE VALLEY,135.9163,143.0,127.0,153.0,26.1619,14340
DISALEXI,2005-05-01,3-053,3-053,FOOTHILL,FOOTHILL,116.7714,119.0,106.0,132.0,17.7186,35
DISALEXI,2005-05-01,1-021,1-021,FORT BRAGG TERRACE AREA,FORT BRAGG TERRACE AREA,142.106,141.0,137.0,146.0,7.8794,415
DISALEXI,2005-05-01,1-061,1-061,FORT ROSS TERRACE DEPOSITS,FORT ROSS TERRACE DEPOSITS,152.8008,156.0,136.0,168.0,22.5922,502
DISALEXI,2005-05-01,6-046,6-046,FREMONT VALLEY,FREMONT VALLEY,63.3971,50.0,39.0,80.0,37.1447,1949
DISALEXI,2005-05-01,5-090,5-090,FUNKS CREEK,FUNKS CREEK,64.9985,66.0,56.0,73.0,11.7398,3278
DISALEXI,2005-05-01,1-032,1-032,GARBERVILLE TOWN AREA,GARBERVILLE TOWN AREA,87.375,88.0,78.0,97.0,16.9424,536
DISALEXI,2005-05-01,1-020,1-020,GARCIA RIVER VALLEY,GARCIA RIVER VALLEY,137.4377,135.0,130.0,144.0,11.477,313
DISALEXI,2005-05-01,3-003.01,3-003,GILROY-HOLLISTER VALLEY,GILROY-HOLLISTER VALLEY - LLAGAS AREA,84.9629,84.0,69.0,99.0,22.5236,76695
DISALEXI,2005-05-01,3-003.05,3-003,GILROY-HOLLISTER VALLEY,GILROY-HOLLISTER VALLEY - NORTH SAN BENITO,87.5975,86.0,68.0,107.0,27.8376,195075
DISALEXI,2005-05-01,6-085,6-085,GOLD VALLEY,GOLD VALLEY,,,,,,0
DISALEXI,2005-05-01,6-048,6-048,GOLDSTONE VALLEY,GOLDSTONE VALLEY,,,,,,0
DISALEXI,2005-05-01,3-016,3-016,GOLETA,GOLETA,106.744,105.0,91.0,120.0,23.8781,3355
DISALEXI,2005-05-01,5-001.02,5-001,GOOSE LAKE,GOOSE LAKE - FANDANGO VALLEY,85.2591,84.0,73.0,97.0,18.2317,12343
DISALEXI,2005-05-01,5-001.01,5-001,GOOSE LAKE,GOOSE LAKE - GOOSE VALLEY,81.4572,82.0,64.0,100.0,24.639,52761
DISALEXI,2005-05-01,5-047,5-047,GOOSE VALLEY,GOOSE VALLEY,116.7924,117.0,100.0,135.0,21.8077,15462
DISALEXI,2005-05-01,6-077,6-077,GRASS VALLEY,GRASS VALLEY,,,,,,0
DISALEXI,2005-05-01,6-094,6-094,GRASSHOPPER VALLEY,GRASSHOPPER VALLEY,42.7922,40.0,32.0,52.0,14.3537,3734
DISALEXI,2005-05-01,1-048,1-048,GRAVELLY VALLEY,GRAVELLY VALLEY,,,,,,0
DISALEXI,2005-05-01,5-052,5-052,GRAYS VALLEY,GRAYS VALLEY,,,,,,0
DISALEXI,2005-05-01,6-084,6-084,GREENWATER VALLEY,GREENWATER VALLEY,,,,,,0
DISALEXI,2005-05-01,5-059,5-059,GRIZZLY VALLEY,GRIZZLY VALLEY,,,,,,0
DISALEXI,2005-05-01,2-022,2-022,HALF MOON BAY TERRACE,HALF MOON BAY TERRACE,138.5294,140.0,126.0,155.0,21.8521,3984
DISALEXI,2005-05-01,1-015,1-015,HAPPY CAMP TOWN AREA,HAPPY CAMP TOWN AREA,74.8687,78.0,65.0,87.0,16.1224,99
DISALEXI,2005-05-01,6-047,6-047,HARPER VALLEY,HARPER VALLEY,90.3943,82.0,49.0,116.0,54.3103,5658
DISALEXI,2005-05-01,6-074,6-074,HARRISBURG FLATS,HARRISBURG FLATS,,,,,,0
DISALEXI,2005-05-01,6-093,6-093,HARVEY VALLEY,HARVEY VALLEY,,,,,,0
DISALEXI,2005-05-01,1-006,1-006,HAYFORK VALLEY,HAYFORK VALLEY,78.547,78.0,68.0,88.0,14.5781,3115
DISALEXI,2005-05-01,7-048,7-048,HELENDALE FAULT VALLEY,HELENDALE FAULT VALLEY,,,,,,0
DISALEXI,2005-05-01,8-006,8-006,HEMET LAKE VALLEY,HEMET LAKE VALLEY,,,,,,0
DISALEXI,2005-05-01,3-031,3-031,HERNANDEZ VALLEY,HERNANDEZ VALLEY,57.7558,59.0,44.0,71.0,19.255,389
DISALEXI,2005-05-01,1-036,1-036,HETTENSHAW VALLEY,HETTENSHAW VALLEY,75.9192,74.0,63.0,88.0,18.2328,2202
DISALEXI,2005-05-01,7-053,7-053,HEXIE MOUNTAIN AREA,HEXIE MOUNTAIN AREA,,,,,,0
DISALEXI,2005-05-01,6-063,6-063,HIDDEN VALLEY,HIDDEN VALLEY,,,,,,0
DISALEXI,2005-05-01,4-016,4-016,HIDDEN VALLEY,HIDDEN VALLEY,81.1707,86.0,62.0,106.0,33.6329,3767
DISALEXI,2005-05-01,5-016,5-016,HIGH VALLEY,HIGH VALLEY,102.1018,100.0,92.0,110.0,14.5225,2781
DISALEXI,2005-05-01,6-004,6-004,HONEY LAKE VALLEY,HONEY LAKE VALLEY,72.1388,72.0,44.0,101.0,34.5331,188784
DISALEXI,2005-05-01,1-029,1-029,HONEYDEW TOWN AREA,HONEYDEW TOWN AREA,88.2122,91.0,76.0,102.0,17.929,1183
DISALEXI,2005-05-01,1-007,1-007,HOOPA VALLEY,HOOPA VALLEY,97.5654,97.0,82.0,112.0,20.1145,787
DISALEXI,2005-05-01,6-097,6-097,HORSE LAKE VALLEY,HORSE LAKE VALLEY,86.9502,89.0,74.0,102.0,21.4926,4335
DISALEXI,2005-05-01,5-040,5-040,HOT SPRINGS VALLEY,HOT SPRINGS VALLEY,70.224,68.0,58.0,79.0,19.3247,3259
DISALEXI,2005-05-01,3-045,3-045,HUASNA VALLEY,HUASNA VALLEY,104.8782,105.0,95.0,117.0,18.9141,3366
DISALEXI,2005-05-01,5-060,5-060,HUMBUG VALLEY,HUMBUG VALLEY,83.6511,85.0,75.0,95.0,16.736,1178
DISALEXI,2005-05-01,4-018,4-018,HUNGRY VALLEY,HUNGRY VALLEY,,,,,,0
DISALEXI,2005-05-01,1-035,1-035,HYAMPOM VALLEY,HYAMPOM VALLEY,70.0496,68.0,61.0,79.0,12.8137,504
DISALEXI,2005-05-01,7-030,7-030,IMPERIAL VALLEY,IMPERIAL VALLEY,144.3386,161.0,113.0,184.0,52.3302,1736221
DISALEXI,2005-05-01,5-009,5-009,INDIAN VALLEY,INDIAN VALLEY,82.5132,81.0,71.0,93.0,18.4304,44586
DISALEXI,2005-05-01,6-054,6-054,INDIAN WELLS VALLEY,INDIAN WELLS VALLEY,60.6671,15.0,6.0,130.0,68.6162,14616
DISALEXI,2005-05-01,7-050,7-050,IRON RIDGE AREA,IRON RIDGE AREA,,,,,,0
DISALEXI,2005-05-01,2-033,2-033,ISLAIS VALLEY,ISLAIS VALLEY,,,,,,0
DISALEXI,2005-05-01,6-030,6-030,IVANPAH VALLEY,IVANPAH VALLEY,135.5512,136.0,123.0,149.0,24.1226,918
DISALEXI,2005-05-01,7-047,7-047,JACUMBA VALLEY,JACUMBA VALLEY,,,,,,0
DISALEXI,2005-05-01,5-003,5-003,JESS VALLEY,JESS VALLEY,75.0561,74.0,57.0,93.0,22.9543,15587
DISALEXI,2005-05-01,7-018.01,7-018,JOHNSON VALLEY,JOHNSON VALLEY - SOGGY LAKE,0.95,1.0,0.5,1.0,0.8251,60
DISALEXI,2005-05-01,7-018.02,7-018,JOHNSON VALLEY,JOHNSON VALLEY - UPPER JOHNSON VALLEY,,,,,,0
DISALEXI,2005-05-01,5-086,5-086,JOSEPH CREEK,JOSEPH CREEK,71.1127,70.0,60.0,82.0,15.6294,4615
DISALEXI,2005-05-01,7-062,7-062,JOSHUA TREE,JOSHUA TREE,,,,,,0
DISALEXI,2005-05-01,6-089,6-089,KANE WASH AREA,KANE WASH AREA,,,,,,0
DISALEXI,2005-05-01,6-069,6-069,KELSO LANDER VALLEY,KELSO LANDER VALLEY,,,,,,0
DISALEXI,2005-05-01,6-031,6-031,KELSO VALLEY,KELSO VALLEY,,,,,,0
DISALEXI,2005-05-01,2-019,2-019,KENWOOD VALLEY,KENWOOD VALLEY,72.2894,71.0,60.0,85.0,19.2651,5674
DISALEXI,2005-05-01,5-025,5-025,KERN RIVER VALLEY,KERN RIVER VALLEY,100.3362,105.0,68.0,134.0,43.6489,15062
DISALEXI,2005-05-01,1-002.02,1-002,KLAMATH RIVER VALLEY,KLAMATH RIVER VALLEY - LOWER KLAMATH,79.7304,78.0,63.0,95.0,28.2548,89864
DISALEXI,2005-05-01,1-002.01,1-002,KLAMATH RIVER VALLEY,KLAMATH RIVER VALLEY - TULELAKE,66.6084,66.0,36.0,99.0,36.7168,290770
DISALEXI,2005-05-01,1-050,1-050,KNIGHTS VALLEY,KNIGHTS VALLEY,92.0098,91.0,81.0,101.0,15.9817,7322
DISALEXI,2005-05-01,5-007,5-007,LAKE ALMANOR VALLEY,LAKE ALMANOR VALLEY,67.3208,66.0,56.0,79.0,19.594,2416
DISALEXI,2005-05-01,5-046,5-046,LAKE BRITTON AREA,LAKE BRITTON AREA,60.0862,58.0,50.0,68.0,14.4139,441
DISALEXI,2005-05-01,7-001,7-001,LANFAIR VALLEY,LANFAIR VALLEY,,,,,,0
DISALEXI,2005-05-01,6-036.02,6-036,LANGFORD VALLEY,LANGFORD VALLEY - IRWIN,,,,,,0
DISALEXI,2005-05-01,6-036.01,6-036,LANGFORD VALLEY,LANGFORD VALLEY - LANGFORD WELL LAKE,,,,,,0
DISALEXI,2005-05-01,1-033,1-033,LARABEE VALLEY,LARABEE VALLEY,77.6066,78.0,70.0,84.0,9.9029,211
DISALEXI,2005-05-01,4-008,4-008,LAS POSAS VALLEY,LAS POSAS VALLEY,109.7202,110.0,94.0,125.0,25.064,90830
DISALEXI,2005-05-01,5-057,5-057,LAST CHANCE CREEK VALLEY,LAST CHANCE CREEK VALLEY,,,,,,0
DISALEXI,2005-05-01,7-014,7-014,LAVIC VALLEY,LAVIC VALLEY,,,,,,0
DISALEXI,2005-05-01,1-012,1-012,LAYTONVILLE VALLEY,LAYTONVILLE VALLEY,96.8973,96.0,88.0,104.0,13.2636,5017
DISALEXI,2005-05-01,6-027,6-027,LEACH VALLEY,LEACH VALLEY,,,,,,0
DISALEXI,2005-05-01,6-066,6-066,LEE FLAT,LEE FLAT,,,,,,0
DISALEXI,2005-05-01,6-106,6-106,LITTLE ANTELOPE VALLEY,LITTLE ANTELOPE VALLEY,88.7097,88.0,77.0,100.0,16.3963,1829
DISALEXI,2005-05-01,5-065,5-065,LITTLE INDIAN VALLEY,LITTLE INDIAN VALLEY,77.7778,78.0,77.0,79.0,3.5364,18
DISALEXI,2005-05-01,1-013,1-013,LITTLE LAKE VALLEY,LITTLE LAKE VALLEY,112.3371,113.0,97.0,128.0,21.0896,16230
DISALEXI,2005-05-01,1-041,1-041,LITTLE VALLEY,LITTLE VALLEY,126.6852,126.0,120.0,133.0,10.4425,718
DISALEXI,2005-05-01,2-010,2-010,LIVERMORE VALLEY,LIVERMORE VALLEY,83.654,84.0,69.0,98.0,19.3605,31366
DISALEXI,2005-05-01,2-038,2-038,LOBOS,LOBOS,172.0,173.0,170.0,173.0,1.4142,3
DISALEXI,2005-05-01,3-006,3-006,LOCKWOOD VALLEY,LOCKWOOD VALLEY,61.9651,64.0,44.0,81.0,27.9698,22966
DISALEXI,2005-05-01,4-017,4-017,LOCKWOOD VALLEY,LOCKWOOD VALLEY,27.5583,25.0,14.5,41.0,14.524,120
DISALEXI,2005-05-01,6-011,6-011,LONG VALLEY,LONG VALLEY,91.8515,96.0,70.0,118.0,32.9264,28621
DISALEXI,2005-05-01,5-044,5-044,LONG VALLEY,LONG VALLEY,,,,,,0
DISALEXI,2005-05-01,6-104,6-104,LONG VALLEY,LONG VALLEY,82.4884,88.0,53.0,108.0,29.8324,6486
DISALEXI,2005-05-01,5-031,5-031,LONG VALLEY,LONG VALLEY,80.338,85.0,58.0,104.0,25.4992,2719
DISALEXI,2005-05-01,5-070,5-070,LOS BANOS CREEK VALLEY,LOS BANOS CREEK VALLEY,,,,,,0
DISALEXI,2005-05-01,3-008.01,3-008,LOS OSOS VALLEY,LOS OSOS VALLEY - LOS OSOS AREA,124.2401,125.0,106.0,142.0,25.028,1791
DISALEXI,2005-05-01,3-008.02,3-008,LOS OSOS VALLEY,LOS OSOS VALLEY - WARDEN CREEK,111.0307,105.0,95.0,120.0,24.5682,4235
DISALEXI,2005-05-01,7-051,7-051,LOST HORSE VALLEY,LOST HORSE VALLEY,,,,,,0
DISALEXI,2005-05-01,6-071,6-071,LOST LAKE VALLEY,LOST LAKE VALLEY,,,,,,0
DISALEXI,2005-05-01,6-021,6-021,LOWER KINGSTON VALLEY,LOWER KINGSTON VALLEY,,,,,,0
DISALEXI,2005-05-01,1-014,1-014,LOWER KLAMATH RIVER VALLEY,LOWER KLAMATH RIVER VALLEY,128.424,132.0,122.0,139.0,17.9511,1118
DISALEXI,2005-05-01,5-030,5-030,LOWER LAKE VALLEY,LOWER LAKE VALLEY,91.578,93.0,84.0,99.0,11.8152,635
DISALEXI,2005-05-01,1-038,1-038,LOWER LAYTONVILLE VALLEY,LOWER LAYTONVILLE VALLEY,81.4255,81.0,69.0,93.0,16.9527,423
DISALEXI,2005-05-01,6-040,6-040,LOWER MOJAVE RIVER VALLEY,LOWER MOJAVE RIVER VALLEY,128.6345,140.0,58.0,196.0,70.0251,17375
DISALEXI,2005-05-01,1-060,1-060,LOWER RUSSIAN RIVER VALLEY,LOWER RUSSIAN RIVER VALLEY,99.2344,98.0,83.0,112.0,23.1789,5453
DISALEXI,2005-05-01,7-019,7-019,LUCERNE VALLEY,LUCERNE VALLEY,79.6668,55.0,30.0,132.0,63.0545,9962
DISALEXI,2005-05-01,1-008.02,1-008,MAD RIVER VALLEY,MAD RIVER VALLEY - DOWS PRAIRIE SCHOOL AREA,125.1964,125.0,109.0,142.0,23.7115,2469
DISALEXI,2005-05-01,1-008.01,1-008,MAD RIVER VALLEY,MAD RIVER VALLEY - MAD RIVER LOWLAND,117.0874,118.0,102.0,136.0,21.8852,10186
DISALEXI,2005-05-01,6-002,6-002,MADELINE PLAINS,MADELINE PLAINS,56.7939,56.0,37.0,74.0,24.1605,97657
DISALEXI,2005-05-01,3-051,3-051,MAJORS CREEK,MAJORS CREEK,116.6754,117.0,112.0,122.0,6.8192,191
DISALEXI,2005-05-01,4-022,4-022,MALIBU VALLEY,MALIBU VALLEY,30.5,25.0,17.5,38.5,16.9499,40
DISALEXI,2005-05-01,6-064,6-064,MARBLE CANYON AREA,MARBLE CANYON AREA,,,,,,0
DISALEXI,2005-05-01,2-039,2-039,MARINA,MARINA,,,,,,0
DISALEXI,2005-05-01,6-067,6-067,MARTIS VALLEY,MARTIS VALLEY,70.293,69.0,53.0,86.0,21.5229,3444
DISALEXI,2005-05-01,7-059,7-059,MASON VALLEY,MASON VALLEY,,,,,,0
DISALEXI,2005-05-01,1-028,1-028,MATTOLE RIVER VALLEY,MATTOLE RIVER VALLEY,124.5388,126.0,114.0,135.0,16.6441,2797
DISALEXI,2005-05-01,5-035,5-035,MCCLOUD AREA,MCCLOUD AREA,61.1604,62.0,56.0,66.0,8.7981,187
DISALEXI,2005-05-01,5-095,5-095,MEADOW VALLEY,MEADOW VALLEY,53.6422,55.0,46.0,62.0,11.9703,925
DISALEXI,2005-05-01,7-017,7-017,MEANS VALLEY,MEANS VALLEY,0.0,0.0,0.0,0.0,0.0,42
DISALEXI,2005-05-01,6-029,6-029,MESQUITE VALLEY,MESQUITE VALLEY,140.8722,161.0,104.0,181.0,59.6712,9058
DISALEXI,2005-05-01,6-020,6-020,MIDDLE AMARGOSA VALLEY,MIDDLE AMARGOSA VALLEY,103.4587,108.0,86.0,120.0,26.1711,109
DISALEXI,2005-05-01,5-094,5-094,MIDDLE CREEK,MIDDLE CREEK,90.0148,88.0,78.0,103.0,17.7255,135
DISALEXI,2005-05-01,5-087,5-087,MIDDLE FORK FEATHER RIVER,MIDDLE FORK FEATHER RIVER,77.4118,75.0,69.0,82.0,13.7686,646
DISALEXI,2005-05-01,6-041,6-041,MIDDLE MOJAVE RIVER VALLEY,MIDDLE MOJAVE RIVER VALLEY,109.4431,124.0,57.0,156.0,54.1136,3268
DISALEXI,2005-05-01,6-080,6-080,MIDDLE PARK CANYON,MIDDLE PARK CANYON,,,,,,0
DISALEXI,2005-05-01,5-085,5-085,MIL POTRERO AREA,MIL POTRERO AREA,57.6071,57.0,50.0,63.5,11.2189,112
DISALEXI,2005-05-01,9-014,9-014,MISSION VALLEY,MISSION VALLEY,147.5802,145.0,127.0,170.0,26.2451,829
DISALEXI,2005-05-01,5-011,5-011,MOHAWK VALLEY,MOHAWK VALLEY,80.3617,81.0,70.0,91.0,16.2903,6531
DISALEXI,2005-05-01,6-009,6-009,MONO VALLEY,MONO VALLEY,51.5523,52.0,42.0,64.0,17.2933,239
DISALEXI,2005-05-01,3-049,3-049,MONTECITO,MONTECITO,91.4004,89.0,74.0,108.0,24.5618,1681
DISALEXI,2005-05-01,7-020,7-020,MORONGO VALLEY,MORONGO VALLEY,2.4286,0.0,0.0,3.0,4.2378,21
DISALEXI,2005-05-01,3-041,3-041,MORRO VALLEY,MORRO VALLEY,136.694,133.0,122.0,147.0,22.6056,1108
DISALEXI,2005-05-01,5-008,5-008,MOUNTAIN MEADOWS VALLEY,MOUNTAIN MEADOWS VALLEY,88.5377,86.0,72.0,105.0,23.5829,19389
DISALEXI,2005-05-01,1-056,1-056,McDOWELL VALLEY,McDOWELL VALLEY,74.6662,72.0,57.0,90.0,22.0957,2804
DISALEXI,2005-05-01,2-002.01,2-002,NAPA-SONOMA VALLEY,NAPA-SONOMA VALLEY - NAPA VALLEY,82.3441,82.0,70.0,95.0,18.1827,93416
DISALEXI,2005-05-01,2-002.03,2-002,NAPA-SONOMA VALLEY,NAPA-SONOMA VALLEY - NAPA-SONOMA LOWLANDS,107.9735,108.0,99.0,117.0,14.1049,23572
DISALEXI,2005-05-01,2-002.02,2-002,NAPA-SONOMA VALLEY,NAPA-SONOMA VALLEY - SONOMA VALLEY,120.0875,120.0,107.0,135.0,19.9217,80055
DISALEXI,2005-05-01,1-046,1-046,NAVARRO RIVER VALLEY,NAVARRO RIVER VALLEY,,,,,,0
DISALEXI,2005-05-01,3-052,3-052,NEEDLE ROCK POINT,NEEDLE ROCK POINT,138.0026,137.0,128.0,146.0,14.8766,762
DISALEXI,2005-05-01,7-044,7-044,NEEDLES VALLEY,NEEDLES VALLEY,131.6607,153.0,68.0,186.0,61.3684,16397
DISALEXI,2005-05-01,5-050,5-050,NORTH FORK BATTLE CREEK,NORTH FORK BATTLE CREEK,90.6122,90.0,74.0,106.0,22.2726,2808
DISALEXI,2005-05-01,2-030,2-030,NOVATO VALLEY,NOVATO VALLEY,128.6563,133.0,118.0,141.0,17.7079,11270
DISALEXI,2005-05-01,7-025,7-025,OCOTILLO-CLARK VALLEY,OCOTILLO-CLARK VALLEY,95.5713,92.0,47.0,142.0,52.3058,30639
DISALEXI,2005-05-01,7-035,7-035,OGILBY VALLEY,OGILBY VALLEY,55.0822,60.0,14.0,88.0,42.5735,3357
DISALEXI,2005-05-01,4-002,4-002,OJAI VALLEY,OJAI VALLEY,90.6795,92.0,77.0,108.0,22.5402,9327
DISALEXI,2005-05-01,3-039,3-039,OLD VALLEY,OLD VALLEY,106.6536,101.0,89.0,125.0,20.8185,179
DISALEXI,2005-05-01,6-108,6-108,OLYMPIC VALLEY,OLYMPIC VALLEY,61.69,57.5,47.5,75.0,18.0448,100
DISALEXI,2005-05-01,7-031,7-031,OROCOPIA VALLEY,OROCOPIA VALLEY,13.1709,8.0,4.0,23.0,9.4361,158
DISALEXI,2005-05-01,6-012.02,6-012,OWENS VALLEY,OWENS VALLEY - FISH SLOUGH,,,,,,0
DISALEXI,2005-05-01,6-012.01,6-012,OWENS VALLEY,OWENS VALLEY - OWENS VALLEY,97.1992,103.0,65.0,135.0,49.7038,93070
DISALEXI,2005-05-01,6-088,6-088,OWL LAKE VALLEY,OWL LAKE VALLEY,,,,,,0
DISALEXI,2005-05-01,6-028,6-028,PAHRUMP VALLEY,PAHRUMP VALLEY,,,,,,0
DISALEXI,2005-05-01,6-099,6-099,PAINTERS FLAT,PAINTERS FLAT,68.2065,70.0,57.0,79.0,16.1991,1133
DISALEXI,2005-05-01,7-039,7-039,PALO VERDE MESA,PALO VERDE MESA,127.2705,139.0,77.0,178.0,55.5188,161308
DISALEXI,2005-05-01,7-038,7-038,PALO VERDE VALLEY,PALO VERDE VALLEY,132.3813,140.0,81.0,185.0,56.4709,224174
DISALEXI,2005-05-01,9-024,9-024,PAMO VALLEY,PAMO VALLEY,,,,,,0
DISALEXI,2005-05-01,6-058,6-058,PANAMINT VALLEY,PANAMINT VALLEY,,,,,,0
DISALEXI,2005-05-01,5-023,5-023,PANOCHE VALLEY,PANOCHE VALLEY,32.7152,32.0,28.0,36.0,9.2853,1966
DISALEXI,2005-05-01,3-032,3-032,PEACH TREE VALLEY,PEACH TREE VALLEY,39.8778,29.0,21.0,65.0,23.2484,1268
DISALEXI,2005-05-01,1-030,1-030,PEPPERWOOD TOWN AREA,PEPPERWOOD TOWN AREA,89.6517,90.0,76.0,102.0,21.8167,3523
DISALEXI,2005-05-01,2-026,2-026,PESCADERO VALLEY,PESCADERO VALLEY,133.5851,134.0,124.0,148.0,20.2711,1516
DISALEXI,2005-05-01,2-001,2-001,PETALUMA VALLEY,PETALUMA VALLEY,132.5459,133.0,119.0,147.0,19.6262,46221
DISALEXI,2005-05-01,6-051,6-051,PILOT KNOB VALLEY,PILOT KNOB VALLEY,,,,,,0
DISALEXI,2005-05-01,6-092,6-092,PINE CREEK VALLEY,PINE CREEK VALLEY,97.375,97.5,91.5,105.5,8.4308,64
DISALEXI,2005-05-01,7-006,7-006,PINTO VALLEY,PINTO VALLEY,,,,,,0
DISALEXI,2005-05-01,7-049,7-049,PIPES CANYON FAULT VALLEY,PIPES CANYON FAULT VALLEY,,,,,,0
DISALEXI,2005-05-01,2-004,2-004,PITTSBURG PLAIN,PITTSBURG PLAIN,,,,,,0
DISALEXI,2005-05-01,7-045,7-045,PIUTE VALLEY,PIUTE VALLEY,,,,,,0
DISALEXI,2005-05-01,7-052,7-052,PLEASANT VALLEY,PLEASANT VALLEY,,,,,,0
DISALEXI,2005-05-01,4-006,4-006,PLEASANT VALLEY,PLEASANT VALLEY,99.1039,99.0,79.0,118.0,27.7455,33196
DISALEXI,2005-05-01,5-038,5-038,PONDOSA TOWN AREA,PONDOSA TOWN AREA,,,,,,0
DISALEXI,2005-05-01,5-068,5-068,POPE VALLEY,POPE VALLEY,72.1792,72.0,63.0,82.0,14.0275,12659
DISALEXI,2005-05-01,9-029,9-029,POTRERO VALLEY,POTRERO VALLEY,77.2129,69.0,53.0,106.0,31.3903,371
DISALEXI,2005-05-01,1-051,1-051,POTTER VALLEY,POTTER VALLEY,90.0674,90.0,79.0,103.0,17.1979,20554
DISALEXI,2005-05-01,9-013,9-013,POWAY VALLEY,POWAY VALLEY,,,,,,0
DISALEXI,2005-05-01,3-044,3-044,POZO VALLEY,POZO VALLEY,88.5617,88.0,71.0,109.0,26.2094,2713
DISALEXI,2005-05-01,1-025,1-025,PRAIRIE CREEK AREA,PRAIRIE CREEK AREA,,,,,,0
DISALEXI,2005-05-01,7-040,7-040,QUIEN SABE POINT VALLEY,QUIEN SABE POINT VALLEY,140.5847,153.0,136.0,162.0,41.9455,708
DISALEXI,2005-05-01,3-024,3-024,QUIEN SABE VALLEY,QUIEN SABE VALLEY,111.0574,112.0,102.0,121.0,14.705,11403
DISALEXI,2005-05-01,6-062,6-062,RACE TRACK VALLEY,RACE TRACK VALLEY,,,,,,0
DISALEXI,2005-05-01,3-046,3-046,RAFAEL VALLEY,RAFAEL VALLEY,84.0,84.0,84.0,84.0,0.0,1
DISALEXI,2005-05-01,9-025,9-025,RANCHITA TOWN AREA,RANCHITA TOWN AREA,42.0,42.0,34.5,49.0,9.7468,44
DISALEXI,2005-05-01,4-023,4-023,RAYMOND,RAYMOND,124.2685,126.0,112.0,138.0,19.6494,1717
DISALEXI,2005-05-01,6-024,6-024,RED PASS VALLEY,RED PASS VALLEY,,,,,,0
DISALEXI,2005-05-01,1-018,1-018,RED ROCK VALLEY,RED ROCK VALLEY,73.9041,84.0,46.0,99.0,30.7038,22680
DISALEXI,2005-05-01,5-006.03,5-006,REDDING AREA,REDDING AREA - ANDERSON,105.5316,109.0,88.0,123.0,22.4773,42951
DISALEXI,2005-05-01,5-006.01,5-006,REDDING AREA,REDDING AREA - BOWMAN,103.981,107.0,90.0,118.0,20.3654,18219
DISALEXI,2005-05-01,5-006.04,5-006,REDDING AREA,REDDING AREA - ENTERPRISE,94.7154,95.0,84.0,107.0,16.6245,22476
DISALEXI,2005-05-01,5-006.05,5-006,REDDING AREA,REDDING AREA - MILLVILLE,110.8881,112.0,101.0,122.0,16.2161,9082
DISALEXI,2005-05-01,5-006.06,5-006,REDDING AREA,REDDING AREA - SOUTH BATTLE CREEK,114.9897,116.0,104.0,129.0,19.3181,7982
DISALEXI,2005-05-01,1-026,1-026,REDWOOD CREEK AREA,REDWOOD CREEK AREA,144.6944,145.0,141.0,150.0,12.0418,638
DISALEXI,2005-05-01,6-086,6-086,RHODES HILL AREA,RHODES HILL AREA,,,,,,0
DISALEXI,2005-05-01,7-004,7-004,RICE VALLEY,RICE VALLEY,136.2876,138.0,128.0,147.0,15.6483,619
DISALEXI,2005-05-01,6-023,6-023,RIGGS VALLEY,RIGGS VALLEY,,,,,,0
DISALEXI,2005-05-01,3-043,3-043,RINCONADA VALLEY,RINCONADA VALLEY,90.4207,103.0,57.0,115.0,31.3346,2907
DISALEXI,2005-05-01,5-043,5-043,ROCK PRAIRIE VALLEY,ROCK PRAIRIE VALLEY,,,,,,0
DISALEXI,2005-05-01,6-056,6-056,ROSE VALLEY,ROSE VALLEY,,,,,,0
DISALEXI,2005-05-01,2-028,2-028,ROSS VALLEY,ROSS VALLEY,,,,,,0
DISALEXI,2005-05-01,5-036,5-036,ROUND VALLEY,ROUND VALLEY,75.2298,73.0,60.0,92.0,20.3331,14312
DISALEXI,2005-05-01,4-020,4-020,RUSSELL VALLEY,RUSSELL VALLEY,69.6031,70.0,64.0,74.0,8.9218,131
DISALEXI,2005-05-01,5-021.54,5-021,SACRAMENTO VALLEY,SACRAMENTO VALLEY - ANTELOPE,118.3397,118.0,99.0,140.0,27.5487,37689
DISALEXI,2005-05-01,5-021.53,5-021,SACRAMENTO VALLEY,SACRAMENTO VALLEY - BEND,101.1816,105.0,88.0,118.0,23.829,2621
DISALEXI,2005-05-01,5-021.70,5-021,SACRAMENTO VALLEY,SACRAMENTO VALLEY - BUTTE,107.1526,107.0,85.0,131.0,29.4134,817508
DISALEXI,2005-05-01,5-021.52,5-021,SACRAMENTO VALLEY,SACRAMENTO VALLEY - COLUSA,98.0164,101.0,76.0,121.0,29.8274,2198920
DISALEXI,2005-05-01,5-021.51,5-021,SACRAMENTO VALLEY,SACRAMENTO VALLEY - CORNING,101.3225,101.0,87.0,115.0,21.9217,348885
DISALEXI,2005-05-01,5-021.56,5-021,SACRAMENTO VALLEY,SACRAMENTO VALLEY - LOS MOLINOS,119.6189,122.0,104.0,138.0,26.5253,77700
DISALEXI,2005-05-01,5-021.64,5-021,SACRAMENTO VALLEY,SACRAMENTO VALLEY - NORTH AMERICAN,101.3334,100.0,78.0,126.0,30.5421,553354
DISALEXI,2005-05-01,5-021.60,5-021,SACRAMENTO VALLEY,SACRAMENTO VALLEY - NORTH YUBA,118.3375,121.0,101.0,138.0,24.8145,171443
DISALEXI,2005-05-01,5-021.50,5-021,SACRAMENTO VALLEY,SACRAMENTO VALLEY - RED BLUFF,106.3384,106.0,85.0,125.0,27.5082,175073
DISALEXI,2005-05-01,5-021.66,5-021,SACRAMENTO VALLEY,SACRAMENTO VALLEY - SOLANO,109.0767,110.0,89.0,128.0,25.4408,931274
DISALEXI,2005-05-01,5-021.65,5-021,SACRAMENTO VALLEY,SACRAMENTO VALLEY - SOUTH AMERICAN,101.1516,100.0,84.0,119.0,23.9243,248950
DISALEXI,2005-05-01,5-021.61,5-021,SACRAMENTO VALLEY,SACRAMENTO VALLEY - SOUTH YUBA,108.1846,109.0,90.0,127.0,26.2106,215092
DISALEXI,2005-05-01,5-021.62,5-021,SACRAMENTO VALLEY,SACRAMENTO VALLEY - SUTTER,96.9831,98.0,76.0,118.0,26.0694,862563
DISALEXI,2005-05-01,5-021.57,5-021,SACRAMENTO VALLEY,SACRAMENTO VALLEY - VINA,117.3341,120.0,98.0,140.0,29.4853,355460
DISALEXI,2005-05-01,5-021.69,5-021,SACRAMENTO VALLEY,SACRAMENTO VALLEY - WYANDOTTE CREEK,106.2618,104.0,92.0,118.0,20.7105,72218
DISALEXI,2005-05-01,5-021.67,5-021,SACRAMENTO VALLEY,SACRAMENTO VALLEY - YOLO,95.4481,96.0,76.0,116.0,26.2326,1423305
DISALEXI,2005-05-01,3-004.01,3-004,SALINAS VALLEY,SALINAS VALLEY - 180/400 FOOT AQUIFER,101.6415,101.0,87.0,117.0,23.297,232265
DISALEXI,2005-05-01,3-004.11,3-004,SALINAS VALLEY,SALINAS VALLEY - ATASCADERO AREA,104.4927,106.0,89.0,124.0,26.3112,25586
DISALEXI,2005-05-01,3-004.02,3-004,SALINAS VALLEY,SALINAS VALLEY - EAST SIDE AQUIFER,94.7614,95.0,82.0,109.0,20.5195,155489
DISALEXI,2005-05-01,3-004.04,3-004,SALINAS VALLEY,SALINAS VALLEY - FOREBAY AQUIFER,94.0688,94.0,76.0,111.0,26.6673,261975
DISALEXI,2005-05-01,3-004.09,3-004,SALINAS VALLEY,SALINAS VALLEY - LANGLEY AREA,81.6784,82.0,61.0,100.0,28.2791,8396
DISALEXI,2005-05-01,3-004.10,3-004,SALINAS VALLEY,SALINAS VALLEY - MONTEREY,96.039,97.0,83.0,106.0,19.1923,2869
DISALEXI,2005-05-01,3-004.06,3-004,SALINAS VALLEY,SALINAS VALLEY - PASO ROBLES AREA,86.3327,88.0,66.0,107.0,29.3127,339924
DISALEXI,2005-05-01,3-004.08,3-004,SALINAS VALLEY,SALINAS VALLEY - SEASIDE,112.5312,95.0,76.0,156.0,48.9348,1058
DISALEXI,2005-05-01,3-004.05,3-004,SALINAS VALLEY,SALINAS VALLEY - UPPER VALLEY AQUIFER,90.8613,90.0,73.0,108.0,26.6835,280181
DISALEXI,2005-05-01,6-017,6-017,SALINE VALLEY,SALINE VALLEY,,,,,,0
DISALEXI,2005-05-01,6-053,6-053,SALT WELLS VALLEY,SALT WELLS VALLEY,,,,,,0
DISALEXI,2005-05-01,3-014,3-014,SAN ANTONIO CREEK VALLEY,SAN ANTONIO CREEK VALLEY,83.3114,84.0,64.0,101.0,27.8476,63229
DISALEXI,2005-05-01,3-028,3-028,SAN BENITO RIVER VALLEY,SAN BENITO RIVER VALLEY,60.3603,61.0,45.0,73.0,22.532,4183
DISALEXI,2005-05-01,3-033,3-033,SAN CARPOFORO VALLEY,SAN CARPOFORO VALLEY,,,,,,0
DISALEXI,2005-05-01,9-015,9-015,SAN DIEGO RIVER VALLEY,SAN DIEGO RIVER VALLEY,97.7366,99.0,80.0,114.0,26.3387,1139
DISALEXI,2005-05-01,9-012,9-012,SAN DIEGUITO CREEK,SAN DIEGUITO CREEK,140.0323,140.0,126.0,154.0,22.4423,1610
DISALEXI,2005-05-01,9-023,9-023,SAN ELIJO VALLEY,SAN ELIJO VALLEY,126.28,129.0,120.0,135.0,17.583,25
DISALEXI,2005-05-01,7-027,7-027,SAN FELIPE VALLEY,SAN FELIPE VALLEY,32.2703,33.0,29.0,36.0,5.7311,74
DISALEXI,2005-05-01,4-012,4-012,SAN FERNANDO VALLEY,SAN FERNANDO VALLEY,109.5983,110.0,95.0,125.0,24.2404,8431
DISALEXI,2005-05-01,4-013,4-013,SAN GABRIEL VALLEY,SAN GABRIEL VALLEY,121.8575,123.0,109.0,137.0,23.3564,9139
DISALEXI,2005-05-01,2-024,2-024,SAN GREGORIO VALLEY,SAN GREGORIO VALLEY,141.0361,141.0,132.0,149.0,13.7597,941
DISALEXI,2005-05-01,8-005,8-005,SAN JACINTO,SAN JACINTO,80.4639,86.0,44.0,115.0,42.4927,135450
DISALEXI,2005-05-01,5-022.05,5-022,SAN JOAQUIN VALLEY,SAN JOAQUIN VALLEY - CHOWCHILLA,118.1334,119.0,81.0,152.0,43.274,545895
DISALEXI,2005-05-01,5-022.16,5-022,SAN JOAQUIN VALLEY,SAN JOAQUIN VALLEY - COSUMNES,104.5084,105.0,91.0,119.0,21.6865,250879
DISALEXI,2005-05-01,5-022.07,5-022,SAN JOAQUIN VALLEY,SAN JOAQUIN VALLEY - DELTA-MENDOTA,92.9536,83.0,60.0,125.0,40.5344,2031901
DISALEXI,2005-05-01,5-022.19,5-022,SAN JOAQUIN VALLEY,SAN JOAQUIN VALLEY - EAST CONTRA COSTA,112.9784,113.0,83.0,142.0,34.605,180001
DISALEXI,2005-05-01,5-022.01,5-022,SAN JOAQUIN VALLEY,SAN JOAQUIN VALLEY - EASTERN SAN JOAQUIN,106.9246,104.0,84.0,130.0,31.1469,1846603
DISALEXI,2005-05-01,5-022.11,5-022,SAN JOAQUIN VALLEY,SAN JOAQUIN VALLEY - KAWEAH,115.8789,119.0,81.0,149.0,42.7874,1384308
DISALEXI,2005-05-01,5-022.14,5-022,SAN JOAQUIN VALLEY,SAN JOAQUIN VALLEY - KERN COUNTY,100.0181,95.0,49.0,148.0,56.4273,3709397
DISALEXI,2005-05-01,5-022.17,5-022,SAN JOAQUIN VALLEY,SAN JOAQUIN VALLEY - KETTLEMAN PLAIN,61.8591,49.0,21.0,104.0,45.524,135911
DISALEXI,2005-05-01,5-022.08,5-022,SAN JOAQUIN VALLEY,SAN JOAQUIN VALLEY - KINGS,115.2726,115.0,86.0,143.0,38.3032,2980339
DISALEXI,2005-05-01,5-022.06,5-022,SAN JOAQUIN VALLEY,SAN JOAQUIN VALLEY - MADERA,113.4505,111.0,85.0,140.0,37.9365,953242
DISALEXI,2005-05-01,5-022.04,5-022,SAN JOAQUIN VALLEY,SAN JOAQUIN VALLEY - MERCED,107.5157,105.0,78.0,138.0,39.2695,1185003
DISALEXI,2005-05-01,5-022.02,5-022,SAN JOAQUIN VALLEY,SAN JOAQUIN VALLEY - MODESTO,119.1431,119.0,95.0,146.0,33.1668,583344
DISALEXI,2005-05-01,5-022.10,5-022,SAN JOAQUIN VALLEY,SAN JOAQUIN VALLEY - PLEASANT VALLEY,63.9286,65.0,37.0,87.0,32.9775,120709
DISALEXI,2005-05-01,5-022.15,5-022,SAN JOAQUIN VALLEY,SAN JOAQUIN VALLEY - TRACY,102.2941,96.0,75.0,131.0,32.6112,626621
DISALEXI,2005-05-01,5-022.12,5-022,SAN JOAQUIN VALLEY,SAN JOAQUIN VALLEY - TULARE LAKE,90.4306,76.0,59.0,122.0,43.1418,1572890
DISALEXI,2005-05-01,5-022.13,5-022,SAN JOAQUIN VALLEY,SAN JOAQUIN VALLEY - TULE,102.8664,103.0,66.0,136.0,44.2117,1579986
DISALEXI,2005-05-01,5-022.03,5-022,SAN JOAQUIN VALLEY,SAN JOAQUIN VALLEY - TURLOCK,116.225,115.0,86.0,148.0,40.0266,1019450
DISALEXI,2005-05-01,5-022.09,5-022,SAN JOAQUIN VALLEY,SAN JOAQUIN VALLEY - WESTSIDE,87.1692,72.0,51.0,119.0,46.2831,2400602
DISALEXI,2005-05-01,5-022.18,5-022,SAN JOAQUIN VALLEY,SAN JOAQUIN VALLEY - WHITE WOLF,108.2746,110.0,56.0,148.0,54.3636,162939
DISALEXI,2005-05-01,9-001,9-001,SAN JUAN VALLEY,SAN JUAN VALLEY,114.0753,110.0,100.0,126.0,20.7078,2272
DISALEXI,2005-05-01,3-009,3-009,SAN LUIS OBISPO VALLEY,SAN LUIS OBISPO VALLEY,102.1605,99.0,85.0,119.0,23.6781,16683
DISALEXI,2005-05-01,9-007.02,9-007,SAN LUIS REY VALLEY,SAN LUIS REY VALLEY - LOWER SAN LUIS REY VALLEY,106.5344,106.0,77.0,136.0,41.4861,2764
DISALEXI,2005-05-01,9-007.01,9-007,SAN LUIS REY VALLEY,SAN LUIS REY VALLEY - UPPER SAN LUIS REY VALLEY,128.2182,133.0,102.0,158.0,40.8195,25597
DISALEXI,2005-05-01,9-032,9-032,SAN MARCOS AREA,SAN MARCOS AREA,113.963,112.0,99.0,122.0,16.4643,27
DISALEXI,2005-05-01,9-002,9-002,SAN MATEO VALLEY,SAN MATEO VALLEY,96.8889,97.0,88.0,108.0,10.3971,9
DISALEXI,2005-05-01,9-003,9-003,SAN ONOFRE VALLEY,SAN ONOFRE VALLEY,,,,,,0
DISALEXI,2005-05-01,9-010,9-010,SAN PASQUAL VALLEY,SAN PASQUAL VALLEY,89.9745,90.0,71.0,108.0,27.4356,7689
DISALEXI,2005-05-01,2-036,2-036,SAN PEDRO VALLEY,SAN PEDRO VALLEY,,,,,,0
DISALEXI,2005-05-01,2-029,2-029,SAN RAFAEL VALLEY,SAN RAFAEL VALLEY,,,,,,0
DISALEXI,2005-05-01,2-007,2-007,SAN RAMON VALLEY,SAN RAMON VALLEY,80.8862,80.0,65.0,98.0,22.9249,378
DISALEXI,2005-05-01,3-035,3-035,SAN SIMEON VALLEY,SAN SIMEON VALLEY,140.2037,142.0,128.0,155.5,19.1296,216
DISALEXI,2005-05-01,2-027,2-027,SAND POINT AREA,SAND POINT AREA,168.1231,168.0,162.0,174.0,9.3646,20564
DISALEXI,2005-05-01,1-053,1-053,SANEL VALLEY,SANEL VALLEY,88.0351,89.0,75.0,101.0,18.9234,11812
DISALEXI,2005-05-01,3-022,3-022,SANTA ANA VALLEY,SANTA ANA VALLEY,78.9395,77.0,68.0,89.0,20.3576,7158
DISALEXI,2005-05-01,3-017,3-017,SANTA BARBARA,SANTA BARBARA,87.1138,89.0,75.0,100.0,17.1537,694
DISALEXI,2005-05-01,4-004.05,4-004,SANTA CLARA RIVER VALLEY,SANTA CLARA RIVER VALLEY - FILLMORE,103.1397,106.0,85.0,123.0,28.3276,50121
DISALEXI,2005-05-01,4-004.03,4-004,SANTA CLARA RIVER VALLEY,SANTA CLARA RIVER VALLEY - MOUND,133.444,130.0,112.0,154.0,31.08,9463
DISALEXI,2005-05-01,4-004.02,4-004,SANTA CLARA RIVER VALLEY,SANTA CLARA RIVER VALLEY - OXNARD,116.2105,119.0,90.0,141.0,32.5296,100739
DISALEXI,2005-05-01,4-004.06,4-004,SANTA CLARA RIVER VALLEY,SANTA CLARA RIVER VALLEY - PIRU,83.998,83.0,60.0,106.0,28.7705,23073
DISALEXI,2005-05-01,4-004.07,4-004,SANTA CLARA RIVER VALLEY,SANTA CLARA RIVER VALLEY - SANTA CLARA RIVER VALLEY EAST,81.2234,82.0,58.0,105.0,29.1349,6807
DISALEXI,2005-05-01,4-004.04,4-004,SANTA CLARA RIVER VALLEY,SANTA CLARA RIVER VALLEY - SANTA PAULA,109.1482,108.0,94.0,124.0,24.2949,40609
DISALEXI,2005-05-01,2-009.04,2-009,SANTA CLARA VALLEY,SANTA CLARA VALLEY - EAST BAY PLAIN,113.1845,115.0,103.0,127.0,22.7312,2097
DISALEXI,2005-05-01,2-009.01,2-009,SANTA CLARA VALLEY,SANTA CLARA VALLEY - NILES CONE,104.1418,101.0,93.0,115.0,20.8179,1791
DISALEXI,2005-05-01,2-009.03,2-009,SANTA CLARA VALLEY,SANTA CLARA VALLEY - SAN MATEO PLAIN,91.8777,84.0,70.0,106.0,31.9293,883
DISALEXI,2005-05-01,2-009.02,2-009,SANTA CLARA VALLEY,SANTA CLARA VALLEY - SANTA CLARA,70.4531,70.0,49.0,91.0,26.731,25306
DISALEXI,2005-05-01,3-001,3-001,SANTA CRUZ MID-COUNTY,SANTA CRUZ MID-COUNTY,106.8426,105.0,86.0,126.0,26.6586,3978
DISALEXI,2005-05-01,3-027,3-027,SANTA MARGARITA,SANTA MARGARITA,94.6409,95.5,82.0,107.0,19.5735,298
DISALEXI,2005-05-01,9-004,9-004,SANTA MARGARITA VALLEY,SANTA MARGARITA VALLEY,,,,,,0
DISALEXI,2005-05-01,3-012.02,3-012,SANTA MARIA RIVER VALLEY,SANTA MARIA RIVER VALLEY - ARROYO GRANDE,86.0559,85.0,67.0,104.0,26.8657,6176
DISALEXI,2005-05-01,3-012.01,3-012,SANTA MARIA RIVER VALLEY,SANTA MARIA RIVER VALLEY - SANTA MARIA,119.3346,122.0,97.0,143.0,33.691,261851
DISALEXI,2005-05-01,9-011,9-011,SANTA MARIA VALLEY,SANTA MARIA VALLEY,111.3873,116.0,95.0,132.0,27.9497,3176
DISALEXI,2005-05-01,6-068,6-068,SANTA ROSA FLAT,SANTA ROSA FLAT,,,,,,0
DISALEXI,2005-05-01,3-036,3-036,SANTA ROSA VALLEY,SANTA ROSA VALLEY,130.9865,132.0,104.0,156.0,30.922,2744
DISALEXI,2005-05-01,1-055.02,1-055,SANTA ROSA VALLEY,SANTA ROSA VALLEY - HEALDSBURG AREA,95.6652,96.0,84.0,108.0,17.4834,31401
DISALEXI,2005-05-01,1-055.03,1-055,SANTA ROSA VALLEY,SANTA ROSA VALLEY - RINCON VALLEY,92.9897,93.0,86.0,99.0,11.9554,581
DISALEXI,2005-05-01,1-055.01,1-055,SANTA ROSA VALLEY,SANTA ROSA VALLEY - SANTA ROSA PLAIN,124.057,122.0,105.0,145.0,24.4136,81016
DISALEXI,2005-05-01,3-015,3-015,SANTA YNEZ RIVER VALLEY,SANTA YNEZ RIVER VALLEY,88.9642,89.0,64.0,114.0,35.051,118162
DISALEXI,2005-05-01,1-005,1-005,SCOTT RIVER VALLEY,SCOTT RIVER VALLEY,79.9635,83.0,65.0,96.0,21.3946,147258
DISALEXI,2005-05-01,5-014,5-014,SCOTTS VALLEY,SCOTTS VALLEY,109.9279,110.0,98.0,121.0,18.2395,7271
DISALEXI,2005-05-01,6-052,6-052,SEARLES VALLEY,SEARLES VALLEY,,,,,,0
DISALEXI,2005-05-01,6-100,6-100,SECRET VALLEY,SECRET VALLEY,55.3248,53.0,41.0,70.0,23.306,12379
DISALEXI,2005-05-01,1-016,1-016,SEIAD VALLEY,SEIAD VALLEY,48.6948,46.0,40.0,56.0,12.7693,439
DISALEXI,2005-05-01,8-008,8-008,SEVEN OAKS VALLEY,SEVEN OAKS VALLEY,,,,,,0
DISALEXI,2005-05-01,1-004,1-004,SHASTA VALLEY,SHASTA VALLEY,80.6809,83.0,65.0,99.0,24.0542,257674
DISALEXI,2005-05-01,1-042,1-042,SHERWOOD VALLEY,SHERWOOD VALLEY,,,,,,0
DISALEXI,2005-05-01,5-012.02,5-012,SIERRA VALLEY,SIERRA VALLEY - CHILCOOT,57.9493,55.0,50.0,63.0,12.4652,5505
DISALEXI,2005-05-01,5-012.01,5-012,SIERRA VALLEY,SIERRA VALLEY - SIERRA VALLEY,93.6449,92.0,70.0,116.0,31.0835,213275
DISALEXI,2005-05-01,6-034,6-034,SILVER LAKE VALLEY,SILVER LAKE VALLEY,,,,,,0
DISALEXI,2005-05-01,4-009,4-009,SIMI VALLEY,SIMI VALLEY,98.7587,97.0,85.0,111.0,19.9294,1297
DISALEXI,2005-05-01,6-105,6-105,SLINKARD VALLEY,SLINKARD VALLEY,,,,,,0
DISALEXI,2005-05-01,1-001,1-001,SMITH RIVER PLAIN,SMITH RIVER PLAIN,95.5226,99.0,85.0,108.0,17.1218,27765
DISALEXI,2005-05-01,6-033,6-033,SODA LAKE VALLEY,SODA LAKE VALLEY,,,,,,0
DISALEXI,2005-05-01,2-037,2-037,SOUTH SAN FRANCISCO,SOUTH SAN FRANCISCO,,,,,,0
DISALEXI,2005-05-01,6-082,6-082,SPRING CANYON VALLEY,SPRING CANYON VALLEY,,,,,,0
DISALEXI,2005-05-01,5-089,5-089,SQUAW FLAT,SQUAW FLAT,,,,,,0
DISALEXI,2005-05-01,5-088,5-088,STONY GORGE RESERVOIR,STONY GORGE RESERVOIR,67.7614,67.0,61.0,74.0,10.4105,964
DISALEXI,2005-05-01,5-063,5-063,STONYFORD TOWN AREA,STONYFORD TOWN AREA,69.4576,69.0,60.0,80.0,16.4015,3857
DISALEXI,2005-05-01,2-003,2-003,SUISUN-FAIRFIELD VALLEY,SUISUN-FAIRFIELD VALLEY,110.0404,109.0,96.0,123.0,18.5494,91210
DISALEXI,2005-05-01,2-011,2-011,SUNOL VALLEY,SUNOL VALLEY,93.968,96.0,77.0,109.0,22.6838,1656
DISALEXI,2005-05-01,6-049,6-049,SUPERIOR VALLEY,SUPERIOR VALLEY,,,,,,0
DISALEXI,2005-05-01,6-001,6-001,SURPRISE VALLEY,SURPRISE VALLEY,82.9726,85.0,65.0,102.0,25.7581,234177
DISALEXI,2005-05-01,6-107,6-107,SWEETWATER FLAT,SWEETWATER FLAT,74.1204,74.0,62.5,85.0,18.8238,324
DISALEXI,2005-05-01,6-005.03,6-005,TAHOE VALLEY,TAHOE VALLEY - TAHOE NORTH,38.8762,39.0,27.0,50.0,16.4642,210
DISALEXI,2005-05-01,6-005.01,6-005,TAHOE VALLEY,TAHOE VALLEY - TAHOE SOUTH,76.3809,76.0,65.0,87.0,19.4944,701
DISALEXI,2005-05-01,6-005.02,6-005,TAHOE VALLEY,TAHOE VALLEY - TAHOE WEST,23.8538,24.0,12.0,34.0,13.1552,171
DISALEXI,2005-05-01,6-045,6-045,TEHACHAPI VALLEY EAST,TEHACHAPI VALLEY EAST,108.8022,109.0,92.0,127.0,28.8258,3397
DISALEXI,2005-05-01,5-028,5-028,TEHACHAPI VALLEY WEST,TEHACHAPI VALLEY WEST,92.7035,93.0,82.0,103.0,17.991,4540
DISALEXI,2005-05-01,9-005,9-005,TEMECULA VALLEY,TEMECULA VALLEY,95.6516,96.0,73.0,117.0,34.6032,20517
DISALEXI,2005-05-01,1-040,1-040,TEN MILE RIVER VALLEY,TEN MILE RIVER VALLEY,133.0761,135.0,124.5,143.0,18.008,92
DISALEXI,2005-05-01,7-026,7-026,TERWILLIGER VALLEY,TERWILLIGER VALLEY,78.213,79.0,72.0,85.0,11.3253,169
DISALEXI,2005-05-01,4-019,4-019,THOUSAND OAKS AREA,THOUSAND OAKS AREA,93.2156,92.0,86.0,99.0,13.6683,385
DISALEXI,2005-05-01,4-015,4-015,TIERRA REJADA,TIERRA REJADA,81.7928,80.0,62.0,101.0,26.1008,4092
DISALEXI,2005-05-01,5-037,5-037,TOAD WELL AREA,TOAD WELL AREA,,,,,,0
DISALEXI,2005-05-01,3-040,3-040,TORO VALLEY,TORO VALLEY,114.4541,118.0,95.0,134.0,25.8111,370
DISALEXI,2005-05-01,6-098,6-098,TULEDAD CANYON VALLEY,TULEDAD CANYON VALLEY,43.2484,41.5,38.0,48.0,8.6647,310
DISALEXI,2005-05-01,7-010,7-010,TWENTYNINE PALMS VALLEY,TWENTYNINE PALMS VALLEY,99.2637,112.0,79.0,131.0,44.5025,747
DISALEXI,2005-05-01,1-052,1-052,UKIAH VALLEY,UKIAH VALLEY,89.6879,88.0,75.0,104.0,20.8397,43476
DISALEXI,2005-05-01,6-022,6-022,UPPER KINGSTON VALLEY,UPPER KINGSTON VALLEY,,,,,,0
DISALEXI,2005-05-01,5-013,5-013,UPPER LAKE VALLEY,UPPER LAKE VALLEY,100.362,100.0,86.0,115.0,21.194,12405
DISALEXI,2005-05-01,6-042,6-042,UPPER MOJAVE RIVER VALLEY,UPPER MOJAVE RIVER VALLEY,95.8929,110.0,42.0,142.0,58.065,6748
DISALEXI,2005-05-01,4-001,4-001,UPPER OJAI VALLEY,UPPER OJAI VALLEY,96.9954,96.0,80.0,111.0,24.8063,3294
DISALEXI,2005-05-01,3-023,3-023,UPPER SANTA ANA VALLEY,UPPER SANTA ANA VALLEY,70.5714,71.0,64.0,74.0,5.1508,7
DISALEXI,2005-05-01,8-002.05,8-002,UPPER SANTA ANA VALLEY,UPPER SANTA ANA VALLEY - CAJON,28.2,24.5,17.0,34.0,18.7703,170
DISALEXI,2005-05-01,8-002.01,8-002,UPPER SANTA ANA VALLEY,UPPER SANTA ANA VALLEY - CHINO,93.9893,92.0,70.0,117.0,35.4768,29438
DISALEXI,2005-05-01,8-002.02,8-002,UPPER SANTA ANA VALLEY,UPPER SANTA ANA VALLEY - CUCAMONGA,149.4179,151.5,132.0,169.0,28.0306,670
DISALEXI,2005-05-01,8-002.04,8-002,UPPER SANTA ANA VALLEY,UPPER SANTA ANA VALLEY - RIALTO-COLTON,110.9106,113.0,88.0,133.0,25.9015,1253
DISALEXI,2005-05-01,8-002.03,8-002,UPPER SANTA ANA VALLEY,UPPER SANTA ANA VALLEY - RIVERSIDE-ARLINGTON,111.1477,116.0,97.0,130.0,28.9452,13966
DISALEXI,2005-05-01,8-002.06,8-002,UPPER SANTA ANA VALLEY,UPPER SANTA ANA VALLEY - SAN BERNARDINO,117.6638,124.0,100.0,140.0,31.5695,15554
DISALEXI,2005-05-01,8-002.08,8-002,UPPER SANTA ANA VALLEY,UPPER SANTA ANA VALLEY - SAN TIMOTEO,104.0129,107.0,90.0,122.0,26.8183,4667
DISALEXI,2005-05-01,8-002.09,8-002,UPPER SANTA ANA VALLEY,UPPER SANTA ANA VALLEY - TEMESCAL,121.2722,122.0,103.0,140.0,27.2576,845
DISALEXI,2005-05-01,8-002.07,8-002,UPPER SANTA ANA VALLEY,UPPER SANTA ANA VALLEY - YUCAIPA,106.9636,106.0,93.0,122.0,24.5953,2858
DISALEXI,2005-05-01,7-028,7-028,VALLECITO-CARRIZO VALLEY,VALLECITO-CARRIZO VALLEY,,,,,,0
DISALEXI,2005-05-01,5-071,5-071,VALLECITOS CREEK VALLEY,VALLECITOS CREEK VALLEY,,,,,,0
DISALEXI,2005-05-01,7-063,7-063,VANDEVENTER FLAT,VANDEVENTER FLAT,,,,,,0
DISALEXI,2005-05-01,4-003.02,4-003,VENTURA RIVER VALLEY,VENTURA RIVER VALLEY - LOWER VENTURA RIVER,113.0765,113.0,101.0,123.0,17.1864,889
DISALEXI,2005-05-01,4-003.01,4-003,VENTURA RIVER VALLEY,VENTURA RIVER VALLEY - UPPER VENTURA RIVER,96.2735,96.0,76.0,116.0,25.4973,2300
DISALEXI,2005-05-01,7-042,7-042,VIDAL VALLEY,VIDAL VALLEY,,,,,,0
DISALEXI,2005-05-01,3-037,3-037,VILLA VALLEY,VILLA VALLEY,132.4368,137.0,119.0,148.0,20.5722,854
DISALEXI,2005-05-01,2-032,2-032,VISITACION VALLEY,VISITACION VALLEY,113.264,116.0,97.0,128.0,23.3936,178
DISALEXI,2005-05-01,5-026,5-026,WALKER BASIN CREEK VALLEY,WALKER BASIN CREEK VALLEY,110.3138,111.0,97.0,126.0,21.4152,6387
DISALEXI,2005-05-01,7-003,7-003,WARD VALLEY,WARD VALLEY,,,,,,0
DISALEXI,2005-05-01,9-008,9-008,WARNER VALLEY,WARNER VALLEY,85.0058,85.0,75.0,93.0,14.5908,343
DISALEXI,2005-05-01,7-012,7-012,WARREN VALLEY,WARREN VALLEY,94.2058,99.0,73.0,118.0,30.9265,345
DISALEXI,2005-05-01,1-031,1-031,WEOTT TOWN AREA,WEOTT TOWN AREA,79.4952,79.0,68.0,92.0,18.9862,523
DISALEXI,2005-05-01,7-022,7-022,WEST SALTON SEA,WEST SALTON SEA,,,,,,0
DISALEXI,2005-05-01,3-026,3-026,WEST SANTA CRUZ TERRACE,WEST SANTA CRUZ TERRACE,120.8286,125.0,105.0,137.0,24.9737,1599
DISALEXI,2005-05-01,2-035,2-035,WESTSIDE,WESTSIDE,93.971,91.0,76.0,110.0,23.5786,1000
DISALEXI,2005-05-01,6-073,6-073,WILD HORSE MESA AREA,WILD HORSE MESA AREA,,,,,,0
DISALEXI,2005-05-01,6-075,6-075,WILDROSE CANYON,WILDROSE CANYON,,,,,,0
DISALEXI,2005-05-01,1-043,1-043,WILLIAMS VALLEY,WILLIAMS VALLEY,90.4536,90.0,85.0,97.0,8.8886,485
DISALEXI,2005-05-01,6-003,6-003,WILLOW CREEK VALLEY,WILLOW CREEK VALLEY,87.0923,81.0,68.0,103.0,27.3651,26463
DISALEXI,2005-05-01,1-059,1-059,WILSON GROVE FORMATION HIGHLANDS,WILSON GROVE FORMATION HIGHLANDS,142.5569,150.0,119.0,167.0,28.6869,70610
DISALEXI,2005-05-01,1-062,1-062,WILSON POINT AREA,WILSON POINT AREA,54.8889,56.0,50.0,60.0,5.4046,9
DISALEXI,2005-05-01,6-019,6-019,WINGATE VALLEY,WINGATE VALLEY,,,,,,0
DISALEXI,2005-05-01,7-056,7-056,YAQUI WELL AREA,YAQUI WELL AREA,,,,,,0
DISALEXI,2005-05-01,5-056,5-056,YELLOW CREEK VALLEY,YELLOW CREEK VALLEY,82.9512,82.0,69.0,95.0,19.1052,5861
DISALEXI,2005-05-01,2-006,2-006,YGNACIO VALLEY,YGNACIO VALLEY,84.5556,78.0,63.0,107.0,25.0015,405
DISALEXI,2005-05-01,5-069,5-069,YOSEMITE VALLEY,YOSEMITE VALLEY,,,,,,0
DISALEXI,2005-05-01,7-036,7-036,YUMA VALLEY,YUMA VALLEY,129.7743,139.0,101.0,167.0,47.6213,66610
