Model,Date,Basin_Subb,Basin_Numb,Basin_Name,Basin_Su_1,ET,Pixel_Count
PTJPL,2022-08-01,4-005,4-005,ACTON VALLEY,ACTON VALLEY,39.279127,37173
PTJPL,2022-08-01,6-010,6-010,ADOBE LAKE VALLEY,ADOBE LAKE VALLEY,13.646751,179273
PTJPL,2022-08-01,1-054.01,1-054,ALEXANDER VALLEY,ALEXANDER VALLEY - ALEXANDER AREA,90.06654,110099
PTJPL,2022-08-01,1-054.02,1-054,ALEXANDER VALLEY,ALEXANDER VALLEY - CLOVERDALE AREA,80.235476,29366
PTJPL,2022-08-01,5-002.01,5-002,ALTURAS AREA,ALTURAS AREA - SOUTH FORK PITT RIVER,57.368389,513210
PTJPL,2022-08-01,5-002.02,5-002,ALTURAS AREA,ALTURAS AREA - WARM SPRINGS VALLEY,50.738151,305817
PTJPL,2022-08-01,5-010,5-010,AMERICAN VALLEY,AMERICAN VALLEY,89.402394,30572
PTJPL,2022-08-01,7-016,7-016,AMES VALLEY,AMES VALLEY,12.169622,487562
PTJPL,2022-08-01,7-034,7-034,AMOS VALLEY,AMOS VALLEY,13.521707,584286
PTJPL,2022-08-01,1-019,1-019,ANDERSON VALLEY,ANDERSON VALLEY,101.326075,22366
PTJPL,2022-08-01,1-049,1-049,ANNAPOLIS OHLSON RANCH FORMATION HIGHLANDS,ANNAPOLIS OHLSON RANCH FORMATION HIGHLANDS,131.523933,38900
PTJPL,2022-08-01,5-091,5-091,ANTELOPE CREEK,ANTELOPE CREEK,32.571008,9175
PTJPL,2022-08-01,6-044,6-044,ANTELOPE VALLEY,ANTELOPE VALLEY,18.002107,4542486
PTJPL,2022-08-01,6-007,6-007,ANTELOPE VALLEY,ANTELOPE VALLEY,84.520152,89741
PTJPL,2022-08-01,3-034,3-034,ARROYO DE LA CRUZ VALLEY,ARROYO DE LA CRUZ VALLEY,97.084123,3590
PTJPL,2022-08-01,2-031,2-031,ARROYO DEL HAMBRE VALLEY,ARROYO DEL HAMBRE VALLEY,80.508772,3534
PTJPL,2022-08-01,4-007,4-007,ARROYO SANTA ROSA VALLEY,ARROYO SANTA ROSA VALLEY,80.015188,17646
PTJPL,2022-08-01,7-037,7-037,ARROYO SECO VALLEY,ARROYO SECO VALLEY,19.110437,1152313
PTJPL,2022-08-01,5-054,5-054,ASH VALLEY,ASH VALLEY,68.748806,27015
PTJPL,2022-08-01,6-026,6-026,AVAWATZ VALLEY,AVAWATZ VALLEY,8.016172,124166
PTJPL,2022-08-01,3-020,3-020,A�O NUEVO AREA,A�O NUEVO AREA,90.487062,8927
PTJPL,2022-08-01,9-022,9-022,BATIQUITOS LAGOON VALLEY,BATIQUITOS LAGOON VALLEY,127.737253,3334
PTJPL,2022-08-01,8-009,8-009,BEAR VALLEY,BEAR VALLEY,84.667997,86225
PTJPL,2022-08-01,5-064,5-064,BEAR VALLEY,BEAR VALLEY,36.688718,40934
PTJPL,2022-08-01,5-020,5-020,BERRYESSA VALLEY,BERRYESSA VALLEY,38.842352,6191
PTJPL,2022-08-01,7-015,7-015,BESSEMER VALLEY,BESSEMER VALLEY,8.719813,175679
PTJPL,2022-08-01,6-025,6-025,BICYCLE VALLEY,BICYCLE VALLEY,7.2683,402232
PTJPL,2022-08-01,1-027,1-027,BIG LAGOON AREA,BIG LAGOON AREA,141.01749,57747
PTJPL,2022-08-01,8-007,8-007,BIG MEADOWS VALLEY,BIG MEADOWS VALLEY,92.333549,63301
PTJPL,2022-08-01,1-045,1-045,BIG RIVER VALLEY,BIG RIVER VALLEY,150.321419,7582
PTJPL,2022-08-01,3-047,3-047,BIG SPRING AREA,BIG SPRING AREA,23.115755,32897
PTJPL,2022-08-01,5-015,5-015,BIG VALLEY,BIG VALLEY,81.218728,108957
PTJPL,2022-08-01,5-004,5-004,BIG VALLEY,BIG VALLEY,61.237619,413987
PTJPL,2022-08-01,3-030,3-030,BITTER WATER VALLEY,BITTER WATER VALLEY,27.499327,144867
PTJPL,2022-08-01,6-013,6-013,BLACK SPRINGS VALLEY,BLACK SPRINGS VALLEY,15.51186,138327
PTJPL,2022-08-01,5-092,5-092,BLANCHARD VALLEY,BLANCHARD VALLEY,40.502401,9994
PTJPL,2022-08-01,1-057,1-057,BODEGA BAY AREA,BODEGA BAY AREA,117.075872,10096
PTJPL,2022-08-01,7-024.01,7-024,BORREGO VALLEY,BORREGO VALLEY - BORREGO SPRINGS,12.807864,282155
PTJPL,2022-08-01,7-024.02,7-024,BORREGO VALLEY,BORREGO VALLEY - OCOTILLO WELLS,5.394675,405078
PTJPL,2022-08-01,1-039,1-039,BRANSCOMB TOWN AREA,BRANSCOMB TOWN AREA,142.560071,6201
PTJPL,2022-08-01,1-017,1-017,BRAY TOWN AREA,BRAY TOWN AREA,71.931892,36119
PTJPL,2022-08-01,6-008,6-008,BRIDGEPORT VALLEY,BRIDGEPORT VALLEY,69.738669,146102
PTJPL,2022-08-01,7-008,7-008,BRISTOL VALLEY,BRISTOL VALLEY,6.221864,2234028
PTJPL,2022-08-01,5-080,5-080,BRITE VALLEY,BRITE VALLEY,54.442713,14244
PTJPL,2022-08-01,6-032,6-032,BROADWELL VALLEY,BROADWELL VALLEY,7.413954,413087
PTJPL,2022-08-01,6-076,6-076,BROWN MOUNTAIN VALLEY,BROWN MOUNTAIN VALLEY,8.561199,97673
PTJPL,2022-08-01,7-054,7-054,BUCK RIDGE FAULT VALLEY,BUCK RIDGE FAULT VALLEY,27.591807,31076
PTJPL,2022-08-01,6-101,6-101,BULL FLAT,BULL FLAT,25.329913,78457
PTJPL,2022-08-01,5-048,5-048,BURNEY CREEK VALLEY,BURNEY CREEK VALLEY,78.237073,10579
PTJPL,2022-08-01,5-017,5-017,BURNS VALLEY,BURNS VALLEY,56.884014,12924
PTJPL,2022-08-01,5-051,5-051,BUTTE CREEK VALLEY,BUTTE CREEK VALLEY,65.261109,14515
PTJPL,2022-08-01,1-003,1-003,BUTTE VALLEY,BUTTE VALLEY,56.812576,358135
PTJPL,2022-08-01,6-081,6-081,BUTTE VALLEY,BUTTE VALLEY,18.339254,39581
PTJPL,2022-08-01,6-070,6-070,CACTUS FLAT,CACTUS FLAT,20.255436,31593
PTJPL,2022-08-01,7-007,7-007,CADIZ VALLEY,CADIZ VALLEY,5.592877,1213316
PTJPL,2022-08-01,6-090,6-090,CADY FAULT AREA,CADY FAULT AREA,11.419321,35753
PTJPL,2022-08-01,9-006,9-006,CAHUILLA VALLEY,CAHUILLA VALLEY,43.722082,81848
PTJPL,2022-08-01,6-079,6-079,CALIFORNIA VALLEY,CALIFORNIA VALLEY,12.173472,261304
PTJPL,2022-08-01,7-041,7-041,CALZONA VALLEY,CALZONA VALLEY,15.002775,340869
PTJPL,2022-08-01,6-061,6-061,CAMEO AREA,CAMEO AREA,7.755485,41842
PTJPL,2022-08-01,9-028,9-028,CAMPO VALLEY,CAMPO VALLEY,50.003584,15902
PTJPL,2022-08-01,7-046,7-046,CANEBRAKE VALLEY,CANEBRAKE VALLEY,17.342369,24310
PTJPL,2022-08-01,3-007,3-007,CARMEL VALLEY,CARMEL VALLEY,124.463096,18968
PTJPL,2022-08-01,3-018,3-018,CARPINTERIA,CARPINTERIA,76.172513,33980
PTJPL,2022-08-01,3-019,3-019,CARRIZO PLAIN,CARRIZO PLAIN,17.509457,946901
PTJPL,2022-08-01,6-006,6-006,CARSON VALLEY,CARSON VALLEY,77.546959,44241
PTJPL,2022-08-01,5-029,5-029,CASTAC LAKE VALLEY,CASTAC LAKE VALLEY,44.816161,16014
PTJPL,2022-08-01,2-008,2-008,CASTRO VALLEY,CASTRO VALLEY,62.349689,8193
PTJPL,2022-08-01,6-038,6-038,CAVES CANYON VALLEY,CAVES CANYON VALLEY,6.258818,328088
PTJPL,2022-08-01,5-045,5-045,CAYTON VALLEY,CAYTON VALLEY,99.573885,5874
PTJPL,2022-08-01,3-038,3-038,CAYUCOS VALLEY,CAYUCOS VALLEY,78.305585,949
PTJPL,2022-08-01,7-043,7-043,CHEMEHUEVI VALLEY,CHEMEHUEVI VALLEY,14.558248,1221349
PTJPL,2022-08-01,7-032,7-032,CHOCOLATE VALLEY,CHOCOLATE VALLEY,16.08776,580540
PTJPL,2022-08-01,3-005,3-005,CHOLAME VALLEY,CHOLAME VALLEY,29.510353,179070
PTJPL,2022-08-01,3-042,3-042,CHORRO VALLEY,CHORRO VALLEY,115.302807,6377
PTJPL,2022-08-01,5-061,5-061,CHROME TOWN AREA,CHROME TOWN AREA,32.686612,6334
PTJPL,2022-08-01,7-005,7-005,CHUCKWALLA VALLEY,CHUCKWALLA VALLEY,13.018877,2704920
PTJPL,2022-08-01,2-005,2-005,CLAYTON VALLEY,CLAYTON VALLEY,76.464471,80244
PTJPL,2022-08-01,5-066,5-066,CLEAR LAKE CACHE FORMATION,CLEAR LAKE CACHE FORMATION,71.027499,133749
PTJPL,2022-08-01,5-058,5-058,CLOVER VALLEY,CLOVER VALLEY,48.369506,75444
PTJPL,2022-08-01,7-021.03,7-021,COACHELLA VALLEY,COACHELLA VALLEY - DESERT HOT SPRINGS,7.994852,453937
PTJPL,2022-08-01,7-021.01,7-021,COACHELLA VALLEY,COACHELLA VALLEY - INDIO,41.066118,1336106
PTJPL,2022-08-01,7-021.02,7-021,COACHELLA VALLEY,COACHELLA VALLEY - MISSION CREEK,14.994373,218418
PTJPL,2022-08-01,7-021.04,7-021,COACHELLA VALLEY,COACHELLA VALLEY - SAN GORGONIO PASS,30.317349,173279
PTJPL,2022-08-01,4-011.04,4-011,COASTAL PLAIN OF LOS ANGELES,COASTAL PLAIN OF LOS ANGELES - CENTRAL,100.916171,799394
PTJPL,2022-08-01,4-011.02,4-011,COASTAL PLAIN OF LOS ANGELES,COASTAL PLAIN OF LOS ANGELES - HOLLYWOOD,87.835663,45279
PTJPL,2022-08-01,4-011.01,4-011,COASTAL PLAIN OF LOS ANGELES,COASTAL PLAIN OF LOS ANGELES - SANTA MONICA,127.172838,135809
PTJPL,2022-08-01,4-011.03,4-011,COASTAL PLAIN OF LOS ANGELES,COASTAL PLAIN OF LOS ANGELES - WEST COAST,135.122628,399917
PTJPL,2022-08-01,8-001,8-001,COASTAL PLAIN OF ORANGE COUNTY,COASTAL PLAIN OF ORANGE COUNTY,104.707722,999363
PTJPL,2022-08-01,9-033,9-033,COASTAL PLAIN OF SAN DIEGO,COASTAL PLAIN OF SAN DIEGO,91.670327,240933
PTJPL,2022-08-01,6-072,6-072,COLES FLAT,COLES FLAT,26.536092,13244
PTJPL,2022-08-01,5-019,5-019,COLLAYOMI VALLEY,COLLAYOMI VALLEY,51.552565,29240
PTJPL,2022-08-01,7-055,7-055,COLLINS VALLEY,COLLINS VALLEY,21.249315,31751
PTJPL,2022-08-01,4-010,4-010,CONEJO,CONEJO,64.819012,84503
PTJPL,2022-08-01,7-011,7-011,COPPER MOUNTAIN VALLEY,COPPER MOUNTAIN VALLEY,13.998392,136155
PTJPL,2022-08-01,3-002.01,3-002,CORRALITOS,CORRALITOS - PAJARO VALLEY,90.127426,332184
PTJPL,2022-08-01,3-002.02,3-002,CORRALITOS,CORRALITOS - PURISIMA HIGHLANDS,153.361905,58134
PTJPL,2022-08-01,6-055,6-055,COSO VALLEY,COSO VALLEY,9.240688,114929
PTJPL,2022-08-01,1-037,1-037,COTTONEVA CREEK VALLEY,COTTONEVA CREEK VALLEY,152.13766,3436
PTJPL,2022-08-01,9-027,9-027,COTTONWOOD VALLEY,COTTONWOOD VALLEY,62.528965,17262
PTJPL,2022-08-01,1-011,1-011,COVELO ROUND VALLEY,COVELO ROUND VALLEY,81.318625,73792
PTJPL,2022-08-01,6-091,6-091,COW HEAD LAKE VALLEY,COW HEAD LAKE VALLEY,53.562311,25180
PTJPL,2022-08-01,6-037,6-037,COYOTE LAKE VALLEY,COYOTE LAKE VALLEY,5.424828,396167
PTJPL,2022-08-01,5-018,5-018,COYOTE VALLEY,COYOTE VALLEY,58.398371,29352
PTJPL,2022-08-01,7-029,7-029,COYOTE WELLS VALLEY,COYOTE WELLS VALLEY,6.984186,648419
PTJPL,2022-08-01,6-035,6-035,CRONISE VALLEY,CRONISE VALLEY,4.648948,567907
PTJPL,2022-08-01,6-050,6-050,CUDDEBACK VALLEY,CUDDEBACK VALLEY,11.580471,426688
PTJPL,2022-08-01,5-082,5-082,CUDDY CANYON VALLEY,CUDDY CANYON VALLEY,37.723803,14830
PTJPL,2022-08-01,5-083,5-083,CUDDY RANCH AREA,CUDDY RANCH AREA,64.838728,18906
PTJPL,2022-08-01,5-084,5-084,CUDDY VALLEY,CUDDY VALLEY,61.877696,15576
PTJPL,2022-08-01,5-027,5-027,CUMMINGS VALLEY,CUMMINGS VALLEY,41.28593,45053
PTJPL,2022-08-01,3-013,3-013,CUYAMA VALLEY,CUYAMA VALLEY,35.730909,1086945
PTJPL,2022-08-01,7-009,7-009,DALE VALLEY,DALE VALLEY,7.027299,955636
PTJPL,2022-08-01,6-057,6-057,DARWIN VALLEY,DARWIN VALLEY,18.261449,198536
PTJPL,2022-08-01,7-061,7-061,DAVIES VALLEY,DAVIES VALLEY,11.593467,15214
PTJPL,2022-08-01,7-013.01,7-013,DEADMAN VALLEY,DEADMAN VALLEY - DEADMAN LAKE,6.52671,400268
PTJPL,2022-08-01,7-013.02,7-013,DEADMAN VALLEY,DEADMAN VALLEY - SURPRISE SPRING,8.16828,131543
PTJPL,2022-08-01,6-018,6-018,DEATH VALLEY,DEATH VALLEY,5.652128,4133615
PTJPL,2022-08-01,6-015,6-015,DEEP SPRINGS VALLEY,DEEP SPRINGS VALLEY,24.359892,134596
PTJPL,2022-08-01,6-078,6-078,DENNING SPRING VALLEY,DENNING SPRING VALLEY,7.554749,32521
PTJPL,2022-08-01,1-034,1-034,DINSMORES TOWN AREA,DINSMORES TOWN AREA,103.451361,10249
PTJPL,2022-08-01,5-053,5-053,DIXIE VALLEY,DIXIE VALLEY,65.386088,21881
PTJPL,2022-08-01,2-040,2-040,DOWNTOWN,DOWNTOWN,105.922485,34174
PTJPL,2022-08-01,5-049,5-049,DRY BURNEY CREEK VALLEY,DRY BURNEY CREEK VALLEY,120.93964,13817
PTJPL,2022-08-01,3-029,3-029,DRY LAKE VALLEY,DRY LAKE VALLEY,35.780031,6360
PTJPL,2022-08-01,6-095,6-095,DRY VALLEY,DRY VALLEY,34.220214,29217
PTJPL,2022-08-01,6-096,6-096,EAGLE LAKE AREA,EAGLE LAKE AREA,50.14008,57089
PTJPL,2022-08-01,7-033,7-033,EAST SALTON SEA,EAST SALTON SEA,16.935858,876191
PTJPL,2022-08-01,1-044,1-044,EDEN VALLEY,EDEN VALLEY,90.370783,6195
PTJPL,2022-08-01,1-010,1-010,EEL RIVER VALLEY,EEL RIVER VALLEY,115.077372,325454
PTJPL,2022-08-01,5-041,5-041,EGG LAKE VALLEY,EGG LAKE VALLEY,52.85619,18448
PTJPL,2022-08-01,9-016,9-016,EL CAJON VALLEY,EL CAJON VALLEY,49.737002,32160
PTJPL,2022-08-01,6-043,6-043,EL MIRAGE VALLEY,EL MIRAGE VALLEY,10.545708,341252
PTJPL,2022-08-01,5-062,5-062,ELK CREEK AREA,ELK CREEK AREA,41.314643,6474
PTJPL,2022-08-01,8-004.02,8-004,ELSINORE,ELSINORE - BEDFORD-COLDWATER,53.789709,31599
PTJPL,2022-08-01,8-004.01,8-004,ELSINORE,ELSINORE - ELSINORE VALLEY,62.282278,106147
PTJPL,2022-08-01,9-009,9-009,ESCONDIDO VALLEY,ESCONDIDO VALLEY,62.910698,12956
PTJPL,2022-08-01,1-009,1-009,EUREKA PLAIN,EUREKA PLAIN,127.236274,156750
PTJPL,2022-08-01,6-016,6-016,EUREKA VALLEY,EUREKA VALLEY,8.026814,578991
PTJPL,2022-08-01,1-022,1-022,FAIRCHILD SWAMP VALLEY,FAIRCHILD SWAMP VALLEY,51.730592,14736
PTJPL,2022-08-01,5-005,5-005,FALL RIVER VALLEY,FALL RIVER VALLEY,96.685021,246566
PTJPL,2022-08-01,7-002,7-002,FENNER VALLEY,FENNER VALLEY,15.529791,2034583
PTJPL,2022-08-01,6-014,6-014,FISH LAKE VALLEY,FISH LAKE VALLEY,27.633124,206078
PTJPL,2022-08-01,3-053,3-053,FOOTHILL,FOOTHILL,69.53891,14765
PTJPL,2022-08-01,1-021,1-021,FORT BRAGG TERRACE AREA,FORT BRAGG TERRACE AREA,131.682234,101965
PTJPL,2022-08-01,1-061,1-061,FORT ROSS TERRACE DEPOSITS,FORT ROSS TERRACE DEPOSITS,124.536516,29809
PTJPL,2022-08-01,6-046,6-046,FREMONT VALLEY,FREMONT VALLEY,11.733341,1507399
PTJPL,2022-08-01,5-090,5-090,FUNKS CREEK,FUNKS CREEK,30.274403,13564
PTJPL,2022-08-01,1-032,1-032,GARBERVILLE TOWN AREA,GARBERVILLE TOWN AREA,126.355654,9498
PTJPL,2022-08-01,1-020,1-020,GARCIA RIVER VALLEY,GARCIA RIVER VALLEY,117.96688,9390
PTJPL,2022-08-01,3-003.01,3-003,GILROY-HOLLISTER VALLEY,GILROY-HOLLISTER VALLEY - LLAGAS AREA,70.171094,213011
PTJPL,2022-08-01,3-003.05,3-003,GILROY-HOLLISTER VALLEY,GILROY-HOLLISTER VALLEY - NORTH SAN BENITO,53.252401,589157
PTJPL,2022-08-01,6-085,6-085,GOLD VALLEY,GOLD VALLEY,14.31373,14436
PTJPL,2022-08-01,6-048,6-048,GOLDSTONE VALLEY,GOLDSTONE VALLEY,8.705885,126294
PTJPL,2022-08-01,3-016,3-016,GOLETA,GOLETA,71.620077,41440
PTJPL,2022-08-01,5-001.02,5-001,GOOSE LAKE,GOOSE LAKE - FANDANGO VALLEY,53.91757,82919
PTJPL,2022-08-01,5-001.01,5-001,GOOSE LAKE,GOOSE LAKE - GOOSE VALLEY,45.228168,161679
PTJPL,2022-08-01,5-047,5-047,GOOSE VALLEY,GOOSE VALLEY,98.18394,18941
PTJPL,2022-08-01,6-077,6-077,GRASS VALLEY,GRASS VALLEY,16.090885,44881
PTJPL,2022-08-01,6-094,6-094,GRASSHOPPER VALLEY,GRASSHOPPER VALLEY,42.39826,79418
PTJPL,2022-08-01,1-048,1-048,GRAVELLY VALLEY,GRAVELLY VALLEY,87.111476,13384
PTJPL,2022-08-01,5-052,5-052,GRAYS VALLEY,GRAYS VALLEY,47.82237,24461
PTJPL,2022-08-01,6-084,6-084,GREENWATER VALLEY,GREENWATER VALLEY,14.503168,268934
PTJPL,2022-08-01,5-059,5-059,GRIZZLY VALLEY,GRIZZLY VALLEY,93.618806,60426
PTJPL,2022-08-01,2-022,2-022,HALF MOON BAY TERRACE,HALF MOON BAY TERRACE,93.95654,36010
PTJPL,2022-08-01,1-015,1-015,HAPPY CAMP TOWN AREA,HAPPY CAMP TOWN AREA,117.335874,12466
PTJPL,2022-08-01,6-047,6-047,HARPER VALLEY,HARPER VALLEY,9.768845,1841343
PTJPL,2022-08-01,6-074,6-074,HARRISBURG FLATS,HARRISBURG FLATS,15.590366,112083
PTJPL,2022-08-01,6-093,6-093,HARVEY VALLEY,HARVEY VALLEY,49.409944,20254
PTJPL,2022-08-01,1-006,1-006,HAYFORK VALLEY,HAYFORK VALLEY,83.92926,14829
PTJPL,2022-08-01,7-048,7-048,HELENDALE FAULT VALLEY,HELENDALE FAULT VALLEY,55.99083,11777
PTJPL,2022-08-01,8-006,8-006,HEMET LAKE VALLEY,HEMET LAKE VALLEY,75.953032,74988
PTJPL,2022-08-01,3-031,3-031,HERNANDEZ VALLEY,HERNANDEZ VALLEY,49.035195,12871
PTJPL,2022-08-01,1-036,1-036,HETTENSHAW VALLEY,HETTENSHAW VALLEY,63.369845,3807
PTJPL,2022-08-01,7-053,7-053,HEXIE MOUNTAIN AREA,HEXIE MOUNTAIN AREA,31.078996,50053
PTJPL,2022-08-01,6-063,6-063,HIDDEN VALLEY,HIDDEN VALLEY,10.977215,80667
PTJPL,2022-08-01,4-016,4-016,HIDDEN VALLEY,HIDDEN VALLEY,70.17109,9948
PTJPL,2022-08-01,5-016,5-016,HIGH VALLEY,HIGH VALLEY,54.499198,10593
PTJPL,2022-08-01,6-004,6-004,HONEY LAKE VALLEY,HONEY LAKE VALLEY,31.07093,1394546
PTJPL,2022-08-01,1-029,1-029,HONEYDEW TOWN AREA,HONEYDEW TOWN AREA,124.409325,10659
PTJPL,2022-08-01,1-007,1-007,HOOPA VALLEY,HOOPA VALLEY,116.906721,17528
PTJPL,2022-08-01,6-097,6-097,HORSE LAKE VALLEY,HORSE LAKE VALLEY,47.938834,17199
PTJPL,2022-08-01,5-040,5-040,HOT SPRINGS VALLEY,HOT SPRINGS VALLEY,70.042591,10824
PTJPL,2022-08-01,3-045,3-045,HUASNA VALLEY,HUASNA VALLEY,52.094813,21147
PTJPL,2022-08-01,5-060,5-060,HUMBUG VALLEY,HUMBUG VALLEY,87.194964,44834
PTJPL,2022-08-01,4-018,4-018,HUNGRY VALLEY,HUNGRY VALLEY,32.977828,23859
PTJPL,2022-08-01,1-035,1-035,HYAMPOM VALLEY,HYAMPOM VALLEY,87.225066,6096
PTJPL,2022-08-01,7-030,7-030,IMPERIAL VALLEY,IMPERIAL VALLEY,49.92945,4263234
PTJPL,2022-08-01,5-009,5-009,INDIAN VALLEY,INDIAN VALLEY,84.142583,132281
PTJPL,2022-08-01,6-054,6-054,INDIAN WELLS VALLEY,INDIAN WELLS VALLEY,11.620937,1716255
PTJPL,2022-08-01,7-050,7-050,IRON RIDGE AREA,IRON RIDGE AREA,17.926432,23570
PTJPL,2022-08-01,2-033,2-033,ISLAIS VALLEY,ISLAIS VALLEY,111.639602,26701
PTJPL,2022-08-01,6-030,6-030,IVANPAH VALLEY,IVANPAH VALLEY,23.014411,882708
PTJPL,2022-08-01,7-047,7-047,JACUMBA VALLEY,JACUMBA VALLEY,30.667892,8979
PTJPL,2022-08-01,5-003,5-003,JESS VALLEY,JESS VALLEY,70.009022,30147
PTJPL,2022-08-01,7-018.01,7-018,JOHNSON VALLEY,JOHNSON VALLEY - SOGGY LAKE,10.63747,347541
PTJPL,2022-08-01,7-018.02,7-018,JOHNSON VALLEY,JOHNSON VALLEY - UPPER JOHNSON VALLEY,8.184297,156367
PTJPL,2022-08-01,5-086,5-086,JOSEPH CREEK,JOSEPH CREEK,55.714835,20034
PTJPL,2022-08-01,7-062,7-062,JOSHUA TREE,JOSHUA TREE,18.222027,150378
PTJPL,2022-08-01,6-089,6-089,KANE WASH AREA,KANE WASH AREA,12.983405,26755
PTJPL,2022-08-01,6-069,6-069,KELSO LANDER VALLEY,KELSO LANDER VALLEY,25.710566,50191
PTJPL,2022-08-01,6-031,6-031,KELSO VALLEY,KELSO VALLEY,15.870207,1145203
PTJPL,2022-08-01,2-019,2-019,KENWOOD VALLEY,KENWOOD VALLEY,83.803081,23106
PTJPL,2022-08-01,5-025,5-025,KERN RIVER VALLEY,KERN RIVER VALLEY,43.246837,356993
PTJPL,2022-08-01,1-002.02,1-002,KLAMATH RIVER VALLEY,KLAMATH RIVER VALLEY - LOWER KLAMATH,50.116907,337208
PTJPL,2022-08-01,1-002.01,1-002,KLAMATH RIVER VALLEY,KLAMATH RIVER VALLEY - TULELAKE,68.859594,496979
PTJPL,2022-08-01,1-050,1-050,KNIGHTS VALLEY,KNIGHTS VALLEY,68.15495,18393
PTJPL,2022-08-01,5-007,5-007,LAKE ALMANOR VALLEY,LAKE ALMANOR VALLEY,66.82124,32166
PTJPL,2022-08-01,5-046,5-046,LAKE BRITTON AREA,LAKE BRITTON AREA,110.966293,63221
PTJPL,2022-08-01,7-001,7-001,LANFAIR VALLEY,LANFAIR VALLEY,43.848,703571
PTJPL,2022-08-01,6-036.02,6-036,LANGFORD VALLEY,LANGFORD VALLEY - IRWIN,7.867203,47132
PTJPL,2022-08-01,6-036.01,6-036,LANGFORD VALLEY,LANGFORD VALLEY - LANGFORD WELL LAKE,5.12955,86847
PTJPL,2022-08-01,1-033,1-033,LARABEE VALLEY,LARABEE VALLEY,98.286965,4342
PTJPL,2022-08-01,4-008,4-008,LAS POSAS VALLEY,LAS POSAS VALLEY,81.09538,200649
PTJPL,2022-08-01,5-057,5-057,LAST CHANCE CREEK VALLEY,LAST CHANCE CREEK VALLEY,65.312141,20920
PTJPL,2022-08-01,7-014,7-014,LAVIC VALLEY,LAVIC VALLEY,12.302832,459882
PTJPL,2022-08-01,1-012,1-012,LAYTONVILLE VALLEY,LAYTONVILLE VALLEY,108.04905,22589
PTJPL,2022-08-01,6-027,6-027,LEACH VALLEY,LEACH VALLEY,5.480256,275049
PTJPL,2022-08-01,6-066,6-066,LEE FLAT,LEE FLAT,16.86708,91213
PTJPL,2022-08-01,6-106,6-106,LITTLE ANTELOPE VALLEY,LITTLE ANTELOPE VALLEY,48.103565,11191
PTJPL,2022-08-01,5-065,5-065,LITTLE INDIAN VALLEY,LITTLE INDIAN VALLEY,46.825828,5707
PTJPL,2022-08-01,1-013,1-013,LITTLE LAKE VALLEY,LITTLE LAKE VALLEY,89.982784,45074
PTJPL,2022-08-01,1-041,1-041,LITTLE VALLEY,LITTLE VALLEY,134.647606,3655
PTJPL,2022-08-01,2-010,2-010,LIVERMORE VALLEY,LIVERMORE VALLEY,58.196017,312810
PTJPL,2022-08-01,2-038,2-038,LOBOS,LOBOS,111.584697,10573
PTJPL,2022-08-01,3-006,3-006,LOCKWOOD VALLEY,LOCKWOOD VALLEY,53.053718,269554
PTJPL,2022-08-01,4-017,4-017,LOCKWOOD VALLEY,LOCKWOOD VALLEY,48.863237,97987
PTJPL,2022-08-01,6-011,6-011,LONG VALLEY,LONG VALLEY,43.699415,322954
PTJPL,2022-08-01,5-044,5-044,LONG VALLEY,LONG VALLEY,67.764646,4882
PTJPL,2022-08-01,6-104,6-104,LONG VALLEY,LONG VALLEY,35.806466,210294
PTJPL,2022-08-01,5-031,5-031,LONG VALLEY,LONG VALLEY,63.502815,12611
PTJPL,2022-08-01,5-070,5-070,LOS BANOS CREEK VALLEY,LOS BANOS CREEK VALLEY,23.515864,21748
PTJPL,2022-08-01,3-008.01,3-008,LOS OSOS VALLEY,LOS OSOS VALLEY - LOS OSOS AREA,118.8113,19009
PTJPL,2022-08-01,3-008.02,3-008,LOS OSOS VALLEY,LOS OSOS VALLEY - WARDEN CREEK,108.316022,7933
PTJPL,2022-08-01,7-051,7-051,LOST HORSE VALLEY,LOST HORSE VALLEY,26.48059,77794
PTJPL,2022-08-01,6-071,6-071,LOST LAKE VALLEY,LOST LAKE VALLEY,7.44989,104530
PTJPL,2022-08-01,6-021,6-021,LOWER KINGSTON VALLEY,LOWER KINGSTON VALLEY,6.582037,1078042
PTJPL,2022-08-01,1-014,1-014,LOWER KLAMATH RIVER VALLEY,LOWER KLAMATH RIVER VALLEY,137.640793,30804
PTJPL,2022-08-01,5-030,5-030,LOWER LAKE VALLEY,LOWER LAKE VALLEY,70.251804,10810
PTJPL,2022-08-01,1-038,1-038,LOWER LAYTONVILLE VALLEY,LOWER LAYTONVILLE VALLEY,123.671006,9678
PTJPL,2022-08-01,6-040,6-040,LOWER MOJAVE RIVER VALLEY,LOWER MOJAVE RIVER VALLEY,9.90789,1283611
PTJPL,2022-08-01,1-060,1-060,LOWER RUSSIAN RIVER VALLEY,LOWER RUSSIAN RIVER VALLEY,118.798675,29887
PTJPL,2022-08-01,7-019,7-019,LUCERNE VALLEY,LUCERNE VALLEY,11.573248,662912
PTJPL,2022-08-01,1-008.02,1-008,MAD RIVER VALLEY,MAD RIVER VALLEY - DOWS PRAIRIE SCHOOL AREA,136.894801,68071
PTJPL,2022-08-01,1-008.01,1-008,MAD RIVER VALLEY,MAD RIVER VALLEY - MAD RIVER LOWLAND,129.18033,105928
PTJPL,2022-08-01,6-002,6-002,MADELINE PLAINS,MADELINE PLAINS,37.196006,701902
PTJPL,2022-08-01,3-051,3-051,MAJORS CREEK,MAJORS CREEK,81.557134,1689
PTJPL,2022-08-01,4-022,4-022,MALIBU VALLEY,MALIBU VALLEY,123.344111,2598
PTJPL,2022-08-01,6-064,6-064,MARBLE CANYON AREA,MARBLE CANYON AREA,7.471009,46600
PTJPL,2022-08-01,2-039,2-039,MARINA,MARINA,116.143295,9456
PTJPL,2022-08-01,6-067,6-067,MARTIS VALLEY,MARTIS VALLEY,83.685861,163488
PTJPL,2022-08-01,7-059,7-059,MASON VALLEY,MASON VALLEY,30.428813,24829
PTJPL,2022-08-01,1-028,1-028,MATTOLE RIVER VALLEY,MATTOLE RIVER VALLEY,127.840754,13947
PTJPL,2022-08-01,5-035,5-035,MCCLOUD AREA,MCCLOUD AREA,126.295068,95917
PTJPL,2022-08-01,5-095,5-095,MEADOW VALLEY,MEADOW VALLEY,118.493736,25783
PTJPL,2022-08-01,7-017,7-017,MEANS VALLEY,MEANS VALLEY,7.446499,67158
PTJPL,2022-08-01,6-029,6-029,MESQUITE VALLEY,MESQUITE VALLEY,15.574762,384627
PTJPL,2022-08-01,6-020,6-020,MIDDLE AMARGOSA VALLEY,MIDDLE AMARGOSA VALLEY,9.272619,1741060
PTJPL,2022-08-01,5-094,5-094,MIDDLE CREEK,MIDDLE CREEK,58.771897,3174
PTJPL,2022-08-01,5-087,5-087,MIDDLE FORK FEATHER RIVER,MIDDLE FORK FEATHER RIVER,96.752935,19509
PTJPL,2022-08-01,6-041,6-041,MIDDLE MOJAVE RIVER VALLEY,MIDDLE MOJAVE RIVER VALLEY,11.574782,950207
PTJPL,2022-08-01,6-080,6-080,MIDDLE PARK CANYON,MIDDLE PARK CANYON,26.713228,7832
PTJPL,2022-08-01,5-085,5-085,MIL POTRERO AREA,MIL POTRERO AREA,89.303661,10380
PTJPL,2022-08-01,9-014,9-014,MISSION VALLEY,MISSION VALLEY,96.812245,31392
PTJPL,2022-08-01,5-011,5-011,MOHAWK VALLEY,MOHAWK VALLEY,109.295094,85339
PTJPL,2022-08-01,6-009,6-009,MONO VALLEY,MONO VALLEY,54.226695,775121
PTJPL,2022-08-01,3-049,3-049,MONTECITO,MONTECITO,81.938024,27301
PTJPL,2022-08-01,7-020,7-020,MORONGO VALLEY,MORONGO VALLEY,27.041759,32496
PTJPL,2022-08-01,3-041,3-041,MORRO VALLEY,MORRO VALLEY,98.1656,2500
PTJPL,2022-08-01,5-008,5-008,MOUNTAIN MEADOWS VALLEY,MOUNTAIN MEADOWS VALLEY,77.330265,36613
PTJPL,2022-08-01,1-056,1-056,McDOWELL VALLEY,McDOWELL VALLEY,89.010308,6694
PTJPL,2022-08-01,2-002.01,2-002,NAPA-SONOMA VALLEY,NAPA-SONOMA VALLEY - NAPA VALLEY,87.060818,206535
PTJPL,2022-08-01,2-002.03,2-002,NAPA-SONOMA VALLEY,NAPA-SONOMA VALLEY - NAPA-SONOMA LOWLANDS,105.789979,181196
PTJPL,2022-08-01,2-002.02,2-002,NAPA-SONOMA VALLEY,NAPA-SONOMA VALLEY - SONOMA VALLEY,79.479174,201643
PTJPL,2022-08-01,1-046,1-046,NAVARRO RIVER VALLEY,NAVARRO RIVER VALLEY,150.916881,3104
PTJPL,2022-08-01,3-052,3-052,NEEDLE ROCK POINT,NEEDLE ROCK POINT,86.819726,3062
PTJPL,2022-08-01,7-044,7-044,NEEDLES VALLEY,NEEDLES VALLEY,19.316356,384797
PTJPL,2022-08-01,5-050,5-050,NORTH FORK BATTLE CREEK,NORTH FORK BATTLE CREEK,118.950761,57394
PTJPL,2022-08-01,2-030,2-030,NOVATO VALLEY,NOVATO VALLEY,97.367444,92327
PTJPL,2022-08-01,7-025,7-025,OCOTILLO-CLARK VALLEY,OCOTILLO-CLARK VALLEY,9.000659,999504
PTJPL,2022-08-01,7-035,7-035,OGILBY VALLEY,OGILBY VALLEY,14.12391,592059
PTJPL,2022-08-01,4-002,4-002,OJAI VALLEY,OJAI VALLEY,81.703889,26588
PTJPL,2022-08-01,3-039,3-039,OLD VALLEY,OLD VALLEY,75.998612,5043
PTJPL,2022-08-01,6-108,6-108,OLYMPIC VALLEY,OLYMPIC VALLEY,82.980989,3156
PTJPL,2022-08-01,7-031,7-031,OROCOPIA VALLEY,OROCOPIA VALLEY,14.624564,432652
PTJPL,2022-08-01,6-012.02,6-012,OWENS VALLEY,OWENS VALLEY - FISH SLOUGH,39.228445,14498
PTJPL,2022-08-01,6-012.01,6-012,OWENS VALLEY,OWENS VALLEY - OWENS VALLEY,28.574227,2966098
PTJPL,2022-08-01,6-088,6-088,OWL LAKE VALLEY,OWL LAKE VALLEY,6.01074,100004
PTJPL,2022-08-01,6-028,6-028,PAHRUMP VALLEY,PAHRUMP VALLEY,9.920051,407322
PTJPL,2022-08-01,6-099,6-099,PAINTERS FLAT,PAINTERS FLAT,35.384093,28113
PTJPL,2022-08-01,7-039,7-039,PALO VERDE MESA,PALO VERDE MESA,29.269562,1011292
PTJPL,2022-08-01,7-038,7-038,PALO VERDE VALLEY,PALO VERDE VALLEY,107.214868,302116
PTJPL,2022-08-01,9-024,9-024,PAMO VALLEY,PAMO VALLEY,47.676471,6766
PTJPL,2022-08-01,6-058,6-058,PANAMINT VALLEY,PANAMINT VALLEY,5.421911,1165899
PTJPL,2022-08-01,5-023,5-023,PANOCHE VALLEY,PANOCHE VALLEY,22.890621,148758
PTJPL,2022-08-01,3-032,3-032,PEACH TREE VALLEY,PEACH TREE VALLEY,25.230188,44038
PTJPL,2022-08-01,1-030,1-030,PEPPERWOOD TOWN AREA,PEPPERWOOD TOWN AREA,129.436544,28256
PTJPL,2022-08-01,2-026,2-026,PESCADERO VALLEY,PESCADERO VALLEY,109.099752,12922
PTJPL,2022-08-01,2-001,2-001,PETALUMA VALLEY,PETALUMA VALLEY,83.599771,209830
PTJPL,2022-08-01,6-051,6-051,PILOT KNOB VALLEY,PILOT KNOB VALLEY,8.027941,623272
PTJPL,2022-08-01,6-092,6-092,PINE CREEK VALLEY,PINE CREEK VALLEY,51.119144,42839
PTJPL,2022-08-01,7-006,7-006,PINTO VALLEY,PINTO VALLEY,11.883838,820363
PTJPL,2022-08-01,7-049,7-049,PIPES CANYON FAULT VALLEY,PIPES CANYON FAULT VALLEY,28.650496,15213
PTJPL,2022-08-01,2-004,2-004,PITTSBURG PLAIN,PITTSBURG PLAIN,61.173394,52228
PTJPL,2022-08-01,7-045,7-045,PIUTE VALLEY,PIUTE VALLEY,17.283429,782230
PTJPL,2022-08-01,7-052,7-052,PLEASANT VALLEY,PLEASANT VALLEY,19.005377,43336
PTJPL,2022-08-01,4-006,4-006,PLEASANT VALLEY,PLEASANT VALLEY,61.062834,89204
PTJPL,2022-08-01,5-038,5-038,PONDOSA TOWN AREA,PONDOSA TOWN AREA,122.146339,9355
PTJPL,2022-08-01,5-068,5-068,POPE VALLEY,POPE VALLEY,69.611457,32313
PTJPL,2022-08-01,9-029,9-029,POTRERO VALLEY,POTRERO VALLEY,55.480788,9083
PTJPL,2022-08-01,1-051,1-051,POTTER VALLEY,POTTER VALLEY,94.803449,37054
PTJPL,2022-08-01,9-013,9-013,POWAY VALLEY,POWAY VALLEY,76.672383,11080
PTJPL,2022-08-01,3-044,3-044,POZO VALLEY,POZO VALLEY,47.650435,30784
PTJPL,2022-08-01,1-025,1-025,PRAIRIE CREEK AREA,PRAIRIE CREEK AREA,151.786998,91079
PTJPL,2022-08-01,7-040,7-040,QUIEN SABE POINT VALLEY,QUIEN SABE POINT VALLEY,17.959576,99694
PTJPL,2022-08-01,3-024,3-024,QUIEN SABE VALLEY,QUIEN SABE VALLEY,35.972134,21173
PTJPL,2022-08-01,6-062,6-062,RACE TRACK VALLEY,RACE TRACK VALLEY,10.130264,63448
PTJPL,2022-08-01,3-046,3-046,RAFAEL VALLEY,RAFAEL VALLEY,31.498848,13451
PTJPL,2022-08-01,9-025,9-025,RANCHITA TOWN AREA,RANCHITA TOWN AREA,50.810291,14032
PTJPL,2022-08-01,4-023,4-023,RAYMOND,RAYMOND,76.69333,117113
PTJPL,2022-08-01,6-024,6-024,RED PASS VALLEY,RED PASS VALLEY,5.371559,433105
PTJPL,2022-08-01,1-018,1-018,RED ROCK VALLEY,RED ROCK VALLEY,70.604674,40478
PTJPL,2022-08-01,5-006.03,5-006,REDDING AREA,REDDING AREA - ANDERSON,74.169171,443787
PTJPL,2022-08-01,5-006.01,5-006,REDDING AREA,REDDING AREA - BOWMAN,70.538245,550983
PTJPL,2022-08-01,5-006.04,5-006,REDDING AREA,REDDING AREA - ENTERPRISE,72.773946,275589
PTJPL,2022-08-01,5-006.05,5-006,REDDING AREA,REDDING AREA - MILLVILLE,63.806052,295058
PTJPL,2022-08-01,5-006.06,5-006,REDDING AREA,REDDING AREA - SOUTH BATTLE CREEK,51.856724,151596
PTJPL,2022-08-01,1-026,1-026,REDWOOD CREEK AREA,REDWOOD CREEK AREA,130.006145,8950
PTJPL,2022-08-01,6-086,6-086,RHODES HILL AREA,RHODES HILL AREA,9.597425,70069
PTJPL,2022-08-01,7-004,7-004,RICE VALLEY,RICE VALLEY,10.680668,841014
PTJPL,2022-08-01,6-023,6-023,RIGGS VALLEY,RIGGS VALLEY,4.578985,393528
PTJPL,2022-08-01,3-043,3-043,RINCONADA VALLEY,RINCONADA VALLEY,55.654032,11582
PTJPL,2022-08-01,5-043,5-043,ROCK PRAIRIE VALLEY,ROCK PRAIRIE VALLEY,44.716926,25806
PTJPL,2022-08-01,6-056,6-056,ROSE VALLEY,ROSE VALLEY,19.345389,191219
PTJPL,2022-08-01,2-028,2-028,ROSS VALLEY,ROSS VALLEY,98.798487,7930
PTJPL,2022-08-01,5-036,5-036,ROUND VALLEY,ROUND VALLEY,55.489254,32664
PTJPL,2022-08-01,4-020,4-020,RUSSELL VALLEY,RUSSELL VALLEY,65.261203,13836
PTJPL,2022-08-01,5-021.54,5-021,SACRAMENTO VALLEY,SACRAMENTO VALLEY - ANTELOPE,108.821293,85850
PTJPL,2022-08-01,5-021.53,5-021,SACRAMENTO VALLEY,SACRAMENTO VALLEY - BEND,56.917592,101956
PTJPL,2022-08-01,5-021.70,5-021,SACRAMENTO VALLEY,SACRAMENTO VALLEY - BUTTE,128.413926,1198613
PTJPL,2022-08-01,5-021.52,5-021,SACRAMENTO VALLEY,SACRAMENTO VALLEY - COLUSA,80.281943,3249958
PTJPL,2022-08-01,5-021.51,5-021,SACRAMENTO VALLEY,SACRAMENTO VALLEY - CORNING,79.08326,932334
PTJPL,2022-08-01,5-021.56,5-021,SACRAMENTO VALLEY,SACRAMENTO VALLEY - LOS MOLINOS,62.873408,447052
PTJPL,2022-08-01,5-021.64,5-021,SACRAMENTO VALLEY,SACRAMENTO VALLEY - NORTH AMERICAN,72.907805,1538895
PTJPL,2022-08-01,5-021.60,5-021,SACRAMENTO VALLEY,SACRAMENTO VALLEY - NORTH YUBA,127.381771,273575
PTJPL,2022-08-01,5-021.50,5-021,SACRAMENTO VALLEY,SACRAMENTO VALLEY - RED BLUFF,62.747894,1222106
PTJPL,2022-08-01,5-021.66,5-021,SACRAMENTO VALLEY,SACRAMENTO VALLEY - SOLANO,98.594127,1594800
PTJPL,2022-08-01,5-021.65,5-021,SACRAMENTO VALLEY,SACRAMENTO VALLEY - SOUTH AMERICAN,69.108937,1116954
PTJPL,2022-08-01,5-021.61,5-021,SACRAMENTO VALLEY,SACRAMENTO VALLEY - SOUTH YUBA,87.526598,490205
PTJPL,2022-08-01,5-021.62,5-021,SACRAMENTO VALLEY,SACRAMENTO VALLEY - SUTTER,82.122488,1285060
PTJPL,2022-08-01,5-021.57,5-021,SACRAMENTO VALLEY,SACRAMENTO VALLEY - VINA,90.830093,831432
PTJPL,2022-08-01,5-021.69,5-021,SACRAMENTO VALLEY,SACRAMENTO VALLEY - WYANDOTTE CREEK,75.542764,266978
PTJPL,2022-08-01,5-021.67,5-021,SACRAMENTO VALLEY,SACRAMENTO VALLEY - YOLO,74.987754,2431239
PTJPL,2022-08-01,3-004.01,3-004,SALINAS VALLEY,SALINAS VALLEY - 180/400 FOOT AQUIFER,90.758398,402289
PTJPL,2022-08-01,3-004.11,3-004,SALINAS VALLEY,SALINAS VALLEY - ATASCADERO AREA,50.532217,88757
PTJPL,2022-08-01,3-004.02,3-004,SALINAS VALLEY,SALINAS VALLEY - EAST SIDE AQUIFER,78.789439,258453
PTJPL,2022-08-01,3-004.04,3-004,SALINAS VALLEY,SALINAS VALLEY - FOREBAY AQUIFER,76.995791,422898
PTJPL,2022-08-01,3-004.09,3-004,SALINAS VALLEY,SALINAS VALLEY - LANGLEY AREA,104.372897,79223
PTJPL,2022-08-01,3-004.10,3-004,SALINAS VALLEY,SALINAS VALLEY - MONTEREY,123.250467,138521
PTJPL,2022-08-01,3-004.06,3-004,SALINAS VALLEY,SALINAS VALLEY - PASO ROBLES AREA,34.701363,1961133
PTJPL,2022-08-01,3-004.08,3-004,SALINAS VALLEY,SALINAS VALLEY - SEASIDE,132.971661,65105
PTJPL,2022-08-01,3-004.05,3-004,SALINAS VALLEY,SALINAS VALLEY - UPPER VALLEY AQUIFER,49.363329,1070293
PTJPL,2022-08-01,6-017,6-017,SALINE VALLEY,SALINE VALLEY,7.047221,657298
PTJPL,2022-08-01,6-053,6-053,SALT WELLS VALLEY,SALT WELLS VALLEY,8.279749,132519
PTJPL,2022-08-01,3-014,3-014,SAN ANTONIO CREEK VALLEY,SAN ANTONIO CREEK VALLEY,80.442301,303230
PTJPL,2022-08-01,3-028,3-028,SAN BENITO RIVER VALLEY,SAN BENITO RIVER VALLEY,56.870453,108949
PTJPL,2022-08-01,3-033,3-033,SAN CARPOFORO VALLEY,SAN CARPOFORO VALLEY,120.647448,4683
PTJPL,2022-08-01,9-015,9-015,SAN DIEGO RIVER VALLEY,SAN DIEGO RIVER VALLEY,67.842651,38030
PTJPL,2022-08-01,9-012,9-012,SAN DIEGUITO CREEK,SAN DIEGUITO CREEK,113.525717,15457
PTJPL,2022-08-01,9-023,9-023,SAN ELIJO VALLEY,SAN ELIJO VALLEY,126.21038,3969
PTJPL,2022-08-01,7-027,7-027,SAN FELIPE VALLEY,SAN FELIPE VALLEY,34.582205,105140
PTJPL,2022-08-01,4-012,4-012,SAN FERNANDO VALLEY,SAN FERNANDO VALLEY,58.761984,651275
PTJPL,2022-08-01,4-013,4-013,SAN GABRIEL VALLEY,SAN GABRIEL VALLEY,52.675647,568282
PTJPL,2022-08-01,2-024,2-024,SAN GREGORIO VALLEY,SAN GREGORIO VALLEY,101.949412,4764
PTJPL,2022-08-01,8-005,8-005,SAN JACINTO,SAN JACINTO,39.565216,712864
PTJPL,2022-08-01,5-022.05,5-022,SAN JOAQUIN VALLEY,SAN JOAQUIN VALLEY - CHOWCHILLA,105.58883,654608
PTJPL,2022-08-01,5-022.16,5-022,SAN JOAQUIN VALLEY,SAN JOAQUIN VALLEY - COSUMNES,67.445644,945540
PTJPL,2022-08-01,5-022.07,5-022,SAN JOAQUIN VALLEY,SAN JOAQUIN VALLEY - DELTA-MENDOTA,92.149638,3439751
PTJPL,2022-08-01,5-022.19,5-022,SAN JOAQUIN VALLEY,SAN JOAQUIN VALLEY - EAST CONTRA COSTA,95.67198,483818
PTJPL,2022-08-01,5-022.01,5-022,SAN JOAQUIN VALLEY,SAN JOAQUIN VALLEY - EASTERN SAN JOAQUIN,91.962136,3438930
PTJPL,2022-08-01,5-022.11,5-022,SAN JOAQUIN VALLEY,SAN JOAQUIN VALLEY - KAWEAH,75.330529,1982976
PTJPL,2022-08-01,5-022.14,5-022,SAN JOAQUIN VALLEY,SAN JOAQUIN VALLEY - KERN COUNTY,57.451456,8014112
PTJPL,2022-08-01,5-022.17,5-022,SAN JOAQUIN VALLEY,SAN JOAQUIN VALLEY - KETTLEMAN PLAIN,18.92748,286610
PTJPL,2022-08-01,5-022.08,5-022,SAN JOAQUIN VALLEY,SAN JOAQUIN VALLEY - KINGS,83.492261,4412320
PTJPL,2022-08-01,5-022.06,5-022,SAN JOAQUIN VALLEY,SAN JOAQUIN VALLEY - MADERA,87.858657,1562954
PTJPL,2022-08-01,5-022.04,5-022,SAN JOAQUIN VALLEY,SAN JOAQUIN VALLEY - MERCED,83.074414,2304911
PTJPL,2022-08-01,5-022.02,5-022,SAN JOAQUIN VALLEY,SAN JOAQUIN VALLEY - MODESTO,98.772458,1102748
PTJPL,2022-08-01,5-022.10,5-022,SAN JOAQUIN VALLEY,SAN JOAQUIN VALLEY - PLEASANT VALLEY,44.502822,216677
PTJPL,2022-08-01,5-022.15,5-022,SAN JOAQUIN VALLEY,SAN JOAQUIN VALLEY - TRACY,94.235146,1072071
PTJPL,2022-08-01,5-022.12,5-022,SAN JOAQUIN VALLEY,SAN JOAQUIN VALLEY - TULARE LAKE,58.757573,2409736
PTJPL,2022-08-01,5-022.13,5-022,SAN JOAQUIN VALLEY,SAN JOAQUIN VALLEY - TULE,74.355451,2147515
PTJPL,2022-08-01,5-022.03,5-022,SAN JOAQUIN VALLEY,SAN JOAQUIN VALLEY - TURLOCK,106.385248,1565660
PTJPL,2022-08-01,5-022.09,5-022,SAN JOAQUIN VALLEY,SAN JOAQUIN VALLEY - WESTSIDE,66.066256,2797567
PTJPL,2022-08-01,5-022.18,5-022,SAN JOAQUIN VALLEY,SAN JOAQUIN VALLEY - WHITE WOLF,52.798507,483575
PTJPL,2022-08-01,9-001,9-001,SAN JUAN VALLEY,SAN JUAN VALLEY,121.974623,73255
PTJPL,2022-08-01,3-009,3-009,SAN LUIS OBISPO VALLEY,SAN LUIS OBISPO VALLEY,84.421803,57221
PTJPL,2022-08-01,9-007.02,9-007,SAN LUIS REY VALLEY,SAN LUIS REY VALLEY - LOWER SAN LUIS REY VALLEY,117.951749,46175
PTJPL,2022-08-01,9-007.01,9-007,SAN LUIS REY VALLEY,SAN LUIS REY VALLEY - UPPER SAN LUIS REY VALLEY,80.432517,86570
PTJPL,2022-08-01,9-032,9-032,SAN MARCOS AREA,SAN MARCOS AREA,99.542974,9564
PTJPL,2022-08-01,9-002,9-002,SAN MATEO VALLEY,SAN MATEO VALLEY,128.040611,13149
PTJPL,2022-08-01,9-003,9-003,SAN ONOFRE VALLEY,SAN ONOFRE VALLEY,138.380036,5510
PTJPL,2022-08-01,9-010,9-010,SAN PASQUAL VALLEY,SAN PASQUAL VALLEY,89.07271,15720
PTJPL,2022-08-01,2-036,2-036,SAN PEDRO VALLEY,SAN PEDRO VALLEY,114.756151,2764
PTJPL,2022-08-01,2-029,2-029,SAN RAFAEL VALLEY,SAN RAFAEL VALLEY,73.346134,3932
PTJPL,2022-08-01,2-007,2-007,SAN RAMON VALLEY,SAN RAMON VALLEY,86.221358,31745
PTJPL,2022-08-01,3-035,3-035,SAN SIMEON VALLEY,SAN SIMEON VALLEY,100.68686,2344
PTJPL,2022-08-01,2-027,2-027,SAND POINT AREA,SAND POINT AREA,98.100535,100075
PTJPL,2022-08-01,1-053,1-053,SANEL VALLEY,SANEL VALLEY,89.703716,25057
PTJPL,2022-08-01,3-022,3-022,SANTA ANA VALLEY,SANTA ANA VALLEY,37.614173,12249
PTJPL,2022-08-01,3-017,3-017,SANTA BARBARA,SANTA BARBARA,66.291106,26894
PTJPL,2022-08-01,4-004.05,4-004,SANTA CLARA RIVER VALLEY,SANTA CLARA RIVER VALLEY - FILLMORE,88.044609,101526
PTJPL,2022-08-01,4-004.03,4-004,SANTA CLARA RIVER VALLEY,SANTA CLARA RIVER VALLEY - MOUND,60.125431,61516
PTJPL,2022-08-01,4-004.02,4-004,SANTA CLARA RIVER VALLEY,SANTA CLARA RIVER VALLEY - OXNARD,52.806829,249743
PTJPL,2022-08-01,4-004.06,4-004,SANTA CLARA RIVER VALLEY,SANTA CLARA RIVER VALLEY - PIRU,72.066969,49008
PTJPL,2022-08-01,4-004.07,4-004,SANTA CLARA RIVER VALLEY,SANTA CLARA RIVER VALLEY - SANTA CLARA RIVER VALLEY EAST,55.43701,304359
PTJPL,2022-08-01,4-004.04,4-004,SANTA CLARA RIVER VALLEY,SANTA CLARA RIVER VALLEY - SANTA PAULA,79.853617,99438
PTJPL,2022-08-01,2-009.04,2-009,SANTA CLARA VALLEY,SANTA CLARA VALLEY - EAST BAY PLAIN,79.538185,320397
PTJPL,2022-08-01,2-009.01,2-009,SANTA CLARA VALLEY,SANTA CLARA VALLEY - NILES CONE,89.442819,293253
PTJPL,2022-08-01,2-009.03,2-009,SANTA CLARA VALLEY,SANTA CLARA VALLEY - SAN MATEO PLAIN,97.87511,169845
PTJPL,2022-08-01,2-009.02,2-009,SANTA CLARA VALLEY,SANTA CLARA VALLEY - SANTA CLARA,72.549975,852434
PTJPL,2022-08-01,3-001,3-001,SANTA CRUZ MID-COUNTY,SANTA CRUZ MID-COUNTY,118.822425,159792
PTJPL,2022-08-01,3-027,3-027,SANTA MARGARITA,SANTA MARGARITA,125.736279,100049
PTJPL,2022-08-01,9-004,9-004,SANTA MARGARITA VALLEY,SANTA MARGARITA VALLEY,130.804079,22458
PTJPL,2022-08-01,3-012.02,3-012,SANTA MARIA RIVER VALLEY,SANTA MARIA RIVER VALLEY - ARROYO GRANDE,83.288983,13025
PTJPL,2022-08-01,3-012.01,3-012,SANTA MARIA RIVER VALLEY,SANTA MARIA RIVER VALLEY - SANTA MARIA,81.931035,760736
PTJPL,2022-08-01,9-011,9-011,SANTA MARIA VALLEY,SANTA MARIA VALLEY,52.251751,55261
PTJPL,2022-08-01,6-068,6-068,SANTA ROSA FLAT,SANTA ROSA FLAT,16.326773,75450
PTJPL,2022-08-01,3-036,3-036,SANTA ROSA VALLEY,SANTA ROSA VALLEY,93.09377,15378
PTJPL,2022-08-01,1-055.02,1-055,SANTA ROSA VALLEY,SANTA ROSA VALLEY - HEALDSBURG AREA,92.757558,69295
PTJPL,2022-08-01,1-055.03,1-055,SANTA ROSA VALLEY,SANTA ROSA VALLEY - RINCON VALLEY,74.806635,24958
PTJPL,2022-08-01,1-055.01,1-055,SANTA ROSA VALLEY,SANTA ROSA VALLEY - SANTA ROSA PLAIN,80.957706,365509
PTJPL,2022-08-01,3-015,3-015,SANTA YNEZ RIVER VALLEY,SANTA YNEZ RIVER VALLEY,76.554409,910055
PTJPL,2022-08-01,1-005,1-005,SCOTT RIVER VALLEY,SCOTT RIVER VALLEY,87.670312,286977
PTJPL,2022-08-01,5-014,5-014,SCOTTS VALLEY,SCOTTS VALLEY,82.024507,32930
PTJPL,2022-08-01,6-052,6-052,SEARLES VALLEY,SEARLES VALLEY,8.262229,885853
PTJPL,2022-08-01,6-100,6-100,SECRET VALLEY,SECRET VALLEY,32.473125,151387
PTJPL,2022-08-01,1-016,1-016,SEIAD VALLEY,SEIAD VALLEY,123.126967,10105
PTJPL,2022-08-01,8-008,8-008,SEVEN OAKS VALLEY,SEVEN OAKS VALLEY,102.0012,18334
PTJPL,2022-08-01,1-004,1-004,SHASTA VALLEY,SHASTA VALLEY,52.759503,981219
PTJPL,2022-08-01,1-042,1-042,SHERWOOD VALLEY,SHERWOOD VALLEY,127.130393,5169
PTJPL,2022-08-01,5-012.02,5-012,SIERRA VALLEY,SIERRA VALLEY - CHILCOOT,44.371421,33948
PTJPL,2022-08-01,5-012.01,5-012,SIERRA VALLEY,SIERRA VALLEY - SIERRA VALLEY,59.219083,527445
PTJPL,2022-08-01,6-034,6-034,SILVER LAKE VALLEY,SILVER LAKE VALLEY,5.378997,158273
PTJPL,2022-08-01,4-009,4-009,SIMI VALLEY,SIMI VALLEY,51.987213,54663
PTJPL,2022-08-01,6-105,6-105,SLINKARD VALLEY,SLINKARD VALLEY,48.002763,20269
PTJPL,2022-08-01,1-001,1-001,SMITH RIVER PLAIN,SMITH RIVER PLAIN,127.256651,173734
PTJPL,2022-08-01,6-033,6-033,SODA LAKE VALLEY,SODA LAKE VALLEY,7.249923,1708930
PTJPL,2022-08-01,2-037,2-037,SOUTH SAN FRANCISCO,SOUTH SAN FRANCISCO,110.478207,9774
PTJPL,2022-08-01,6-082,6-082,SPRING CANYON VALLEY,SPRING CANYON VALLEY,12.283312,21584
PTJPL,2022-08-01,5-089,5-089,SQUAW FLAT,SQUAW FLAT,33.601411,5813
PTJPL,2022-08-01,5-088,5-088,STONY GORGE RESERVOIR,STONY GORGE RESERVOIR,67.083333,4788
PTJPL,2022-08-01,5-063,5-063,STONYFORD TOWN AREA,STONYFORD TOWN AREA,61.690623,28955
PTJPL,2022-08-01,2-003,2-003,SUISUN-FAIRFIELD VALLEY,SUISUN-FAIRFIELD VALLEY,80.861892,600659
PTJPL,2022-08-01,2-011,2-011,SUNOL VALLEY,SUNOL VALLEY,64.326365,74769
PTJPL,2022-08-01,6-049,6-049,SUPERIOR VALLEY,SUPERIOR VALLEY,9.583748,541018
PTJPL,2022-08-01,6-001,6-001,SURPRISE VALLEY,SURPRISE VALLEY,27.459411,1026748
PTJPL,2022-08-01,6-107,6-107,SWEETWATER FLAT,SWEETWATER FLAT,51.858566,17966
PTJPL,2022-08-01,6-005.03,6-005,TAHOE VALLEY,TAHOE VALLEY - TAHOE NORTH,98.8056,8678
PTJPL,2022-08-01,6-005.01,6-005,TAHOE VALLEY,TAHOE VALLEY - TAHOE SOUTH,85.44811,65254
PTJPL,2022-08-01,6-005.02,6-005,TAHOE VALLEY,TAHOE VALLEY - TAHOE WEST,106.686162,27750
PTJPL,2022-08-01,6-045,6-045,TEHACHAPI VALLEY EAST,TEHACHAPI VALLEY EAST,37.938597,107747
PTJPL,2022-08-01,5-028,5-028,TEHACHAPI VALLEY WEST,TEHACHAPI VALLEY WEST,38.520082,66551
PTJPL,2022-08-01,9-005,9-005,TEMECULA VALLEY,TEMECULA VALLEY,55.710989,394594
PTJPL,2022-08-01,1-040,1-040,TEN MILE RIVER VALLEY,TEN MILE RIVER VALLEY,140.863345,6703
PTJPL,2022-08-01,7-026,7-026,TERWILLIGER VALLEY,TERWILLIGER VALLEY,44.090634,36068
PTJPL,2022-08-01,4-019,4-019,THOUSAND OAKS AREA,THOUSAND OAKS AREA,69.619382,13972
PTJPL,2022-08-01,4-015,4-015,TIERRA REJADA,TIERRA REJADA,61.623434,20679
PTJPL,2022-08-01,5-037,5-037,TOAD WELL AREA,TOAD WELL AREA,103.083626,15103
PTJPL,2022-08-01,3-040,3-040,TORO VALLEY,TORO VALLEY,94.452241,3235
PTJPL,2022-08-01,6-098,6-098,TULEDAD CANYON VALLEY,TULEDAD CANYON VALLEY,32.836788,23111
PTJPL,2022-08-01,7-010,7-010,TWENTYNINE PALMS VALLEY,TWENTYNINE PALMS VALLEY,10.019847,279940
PTJPL,2022-08-01,1-052,1-052,UKIAH VALLEY,UKIAH VALLEY,93.892315,168751
PTJPL,2022-08-01,6-022,6-022,UPPER KINGSTON VALLEY,UPPER KINGSTON VALLEY,26.325528,794700
PTJPL,2022-08-01,5-013,5-013,UPPER LAKE VALLEY,UPPER LAKE VALLEY,86.633026,32659
PTJPL,2022-08-01,6-042,6-042,UPPER MOJAVE RIVER VALLEY,UPPER MOJAVE RIVER VALLEY,18.866778,1856367
PTJPL,2022-08-01,4-001,4-001,UPPER OJAI VALLEY,UPPER OJAI VALLEY,60.895192,17117
PTJPL,2022-08-01,3-023,3-023,UPPER SANTA ANA VALLEY,UPPER SANTA ANA VALLEY,33.71098,6439
PTJPL,2022-08-01,8-002.05,8-002,UPPER SANTA ANA VALLEY,UPPER SANTA ANA VALLEY - CAJON,51.150018,104061
PTJPL,2022-08-01,8-002.01,8-002,UPPER SANTA ANA VALLEY,UPPER SANTA ANA VALLEY - CHINO,47.032125,691429
PTJPL,2022-08-01,8-002.02,8-002,UPPER SANTA ANA VALLEY,UPPER SANTA ANA VALLEY - CUCAMONGA,59.047368,40576
PTJPL,2022-08-01,8-002.04,8-002,UPPER SANTA ANA VALLEY,UPPER SANTA ANA VALLEY - RIALTO-COLTON,36.073948,111497
PTJPL,2022-08-01,8-002.03,8-002,UPPER SANTA ANA VALLEY,UPPER SANTA ANA VALLEY - RIVERSIDE-ARLINGTON,48.730337,254388
PTJPL,2022-08-01,8-002.06,8-002,UPPER SANTA ANA VALLEY,UPPER SANTA ANA VALLEY - SAN BERNARDINO,45.145092,415895
PTJPL,2022-08-01,8-002.08,8-002,UPPER SANTA ANA VALLEY,UPPER SANTA ANA VALLEY - SAN TIMOTEO,43.512561,145175
PTJPL,2022-08-01,8-002.09,8-002,UPPER SANTA ANA VALLEY,UPPER SANTA ANA VALLEY - TEMESCAL,56.67473,103262
PTJPL,2022-08-01,8-002.07,8-002,UPPER SANTA ANA VALLEY,UPPER SANTA ANA VALLEY - YUCAIPA,49.592427,99901
PTJPL,2022-08-01,7-028,7-028,VALLECITO-CARRIZO VALLEY,VALLECITO-CARRIZO VALLEY,8.973376,547711
PTJPL,2022-08-01,5-071,5-071,VALLECITOS CREEK VALLEY,VALLECITOS CREEK VALLEY,23.489725,67930
PTJPL,2022-08-01,7-063,7-063,VANDEVENTER FLAT,VANDEVENTER FLAT,75.545286,30274
PTJPL,2022-08-01,4-003.02,4-003,VENTURA RIVER VALLEY,VENTURA RIVER VALLEY - LOWER VENTURA RIVER,65.261748,21471
PTJPL,2022-08-01,4-003.01,4-003,VENTURA RIVER VALLEY,VENTURA RIVER VALLEY - UPPER VENTURA RIVER,67.652073,23732
PTJPL,2022-08-01,7-042,7-042,VIDAL VALLEY,VIDAL VALLEY,13.702765,618941
PTJPL,2022-08-01,3-037,3-037,VILLA VALLEY,VILLA VALLEY,88.224557,6092
PTJPL,2022-08-01,2-032,2-032,VISITACION VALLEY,VISITACION VALLEY,116.761917,26201
PTJPL,2022-08-01,5-026,5-026,WALKER BASIN CREEK VALLEY,WALKER BASIN CREEK VALLEY,40.001857,34468
PTJPL,2022-08-01,7-003,7-003,WARD VALLEY,WARD VALLEY,10.12172,2507114
PTJPL,2022-08-01,9-008,9-008,WARNER VALLEY,WARNER VALLEY,42.200297,107755
PTJPL,2022-08-01,7-012,7-012,WARREN VALLEY,WARREN VALLEY,23.849119,78585
PTJPL,2022-08-01,1-031,1-031,WEOTT TOWN AREA,WEOTT TOWN AREA,135.198137,16423
PTJPL,2022-08-01,7-022,7-022,WEST SALTON SEA,WEST SALTON SEA,7.703772,473862
PTJPL,2022-08-01,3-026,3-026,WEST SANTA CRUZ TERRACE,WEST SANTA CRUZ TERRACE,93.737196,30011
PTJPL,2022-08-01,2-035,2-035,WESTSIDE,WESTSIDE,111.956814,105035
PTJPL,2022-08-01,6-073,6-073,WILD HORSE MESA AREA,WILD HORSE MESA AREA,22.604315,14926
PTJPL,2022-08-01,6-075,6-075,WILDROSE CANYON,WILDROSE CANYON,28.84621,23181
PTJPL,2022-08-01,1-043,1-043,WILLIAMS VALLEY,WILLIAMS VALLEY,91.939738,7401
PTJPL,2022-08-01,6-003,6-003,WILLOW CREEK VALLEY,WILLOW CREEK VALLEY,86.238529,52589
PTJPL,2022-08-01,1-059,1-059,WILSON GROVE FORMATION HIGHLANDS,WILSON GROVE FORMATION HIGHLANDS,99.317273,287046
PTJPL,2022-08-01,1-062,1-062,WILSON POINT AREA,WILSON POINT AREA,117.084115,3198
PTJPL,2022-08-01,6-019,6-019,WINGATE VALLEY,WINGATE VALLEY,8.544123,320536
PTJPL,2022-08-01,7-056,7-056,YAQUI WELL AREA,YAQUI WELL AREA,13.87634,67265
PTJPL,2022-08-01,5-056,5-056,YELLOW CREEK VALLEY,YELLOW CREEK VALLEY,78.300962,10390
PTJPL,2022-08-01,2-006,2-006,YGNACIO VALLEY,YGNACIO VALLEY,75.692631,69545
PTJPL,2022-08-01,5-069,5-069,YOSEMITE VALLEY,YOSEMITE VALLEY,104.613124,33512
PTJPL,2022-08-01,7-036,7-036,YUMA VALLEY,YUMA VALLEY,28.744984,536338
