Model,Date,Basin_Subb,Basin_Numb,Basin_Name,Basin_Su_1,ET,Pixel_Count
EEMETRIC,2025-05-01,4-005,4-005,ACTON VALLEY,ACTON VALLEY,27.776946,668
EEMETRIC,2025-05-01,6-010,6-010,ADOBE LAKE VALLEY,ADOBE LAKE VALLEY,,0
EEMETRIC,2025-05-01,1-054.01,1-054,ALEXANDER VALLEY,ALEXANDER VALLEY - ALEXANDER AREA,60.520243,39743
EEMETRIC,2025-05-01,1-054.02,1-054,ALEXANDER VALLEY,ALEXANDER VALLEY - CLOVERDALE AREA,60.263734,9502
EEMETRIC,2025-05-01,5-002.01,5-002,ALTURAS AREA,ALTURAS AREA - SOUTH FORK PITT RIVER,117.070553,159794
EEMETRIC,2025-05-01,5-002.02,5-002,ALTURAS AREA,ALTURAS AREA - WARM SPRINGS VALLEY,84.151454,74425
EEMETRIC,2025-05-01,5-010,5-010,AMERICAN VALLEY,AMERICAN VALLEY,152.953109,9746
EEMETRIC,2025-05-01,7-016,7-016,AMES VALLEY,AMES VALLEY,,0
EEMETRIC,2025-05-01,7-034,7-034,AMOS VALLEY,AMOS VALLEY,,0
EEMETRIC,2025-05-01,1-019,1-019,ANDERSON VALLEY,ANDERSON VALLEY,70.451187,5982
EEMETRIC,2025-05-01,1-049,1-049,ANNAPOLIS OHLSON RANCH FORMATION HIGHLANDS,ANNAPOLIS OHLSON RANCH FORMATION HIGHLANDS,49.697833,2353
EEMETRIC,2025-05-01,5-091,5-091,ANTELOPE CREEK,ANTELOPE CREEK,56.161994,1605
EEMETRIC,2025-05-01,6-044,6-044,ANTELOPE VALLEY,ANTELOPE VALLEY,71.556112,137884
EEMETRIC,2025-05-01,6-007,6-007,ANTELOPE VALLEY,ANTELOPE VALLEY,142.759203,48489
EEMETRIC,2025-05-01,3-034,3-034,ARROYO DE LA CRUZ VALLEY,ARROYO DE LA CRUZ VALLEY,124.050186,538
EEMETRIC,2025-05-01,2-031,2-031,ARROYO DEL HAMBRE VALLEY,ARROYO DEL HAMBRE VALLEY,,0
EEMETRIC,2025-05-01,4-007,4-007,ARROYO SANTA ROSA VALLEY,ARROYO SANTA ROSA VALLEY,98.65756,7870
EEMETRIC,2025-05-01,7-037,7-037,ARROYO SECO VALLEY,ARROYO SECO VALLEY,,0
EEMETRIC,2025-05-01,5-054,5-054,ASH VALLEY,ASH VALLEY,110.545597,12106
EEMETRIC,2025-05-01,6-026,6-026,AVAWATZ VALLEY,AVAWATZ VALLEY,,0
EEMETRIC,2025-05-01,3-020,3-020,A�O NUEVO AREA,A�O NUEVO AREA,113.292111,1876
EEMETRIC,2025-05-01,9-022,9-022,BATIQUITOS LAGOON VALLEY,BATIQUITOS LAGOON VALLEY,112.517742,620
EEMETRIC,2025-05-01,8-009,8-009,BEAR VALLEY,BEAR VALLEY,131.684932,219
EEMETRIC,2025-05-01,5-064,5-064,BEAR VALLEY,BEAR VALLEY,106.027451,510
EEMETRIC,2025-05-01,5-020,5-020,BERRYESSA VALLEY,BERRYESSA VALLEY,,0
EEMETRIC,2025-05-01,7-015,7-015,BESSEMER VALLEY,BESSEMER VALLEY,,0
EEMETRIC,2025-05-01,6-025,6-025,BICYCLE VALLEY,BICYCLE VALLEY,,0
EEMETRIC,2025-05-01,1-027,1-027,BIG LAGOON AREA,BIG LAGOON AREA,,0
EEMETRIC,2025-05-01,8-007,8-007,BIG MEADOWS VALLEY,BIG MEADOWS VALLEY,,0
EEMETRIC,2025-05-01,1-045,1-045,BIG RIVER VALLEY,BIG RIVER VALLEY,,0
EEMETRIC,2025-05-01,3-047,3-047,BIG SPRING AREA,BIG SPRING AREA,11.701525,918
EEMETRIC,2025-05-01,5-015,5-015,BIG VALLEY,BIG VALLEY,53.026657,41040
EEMETRIC,2025-05-01,5-004,5-004,BIG VALLEY,BIG VALLEY,119.284577,163109
EEMETRIC,2025-05-01,3-030,3-030,BITTER WATER VALLEY,BITTER WATER VALLEY,32.804884,7575
EEMETRIC,2025-05-01,6-013,6-013,BLACK SPRINGS VALLEY,BLACK SPRINGS VALLEY,,0
EEMETRIC,2025-05-01,5-092,5-092,BLANCHARD VALLEY,BLANCHARD VALLEY,16.284956,1130
EEMETRIC,2025-05-01,1-057,1-057,BODEGA BAY AREA,BODEGA BAY AREA,140.3,150
EEMETRIC,2025-05-01,7-024.01,7-024,BORREGO VALLEY,BORREGO VALLEY - BORREGO SPRINGS,28.131919,17397
EEMETRIC,2025-05-01,7-024.02,7-024,BORREGO VALLEY,BORREGO VALLEY - OCOTILLO WELLS,1.333333,12
EEMETRIC,2025-05-01,1-039,1-039,BRANSCOMB TOWN AREA,BRANSCOMB TOWN AREA,,0
EEMETRIC,2025-05-01,1-017,1-017,BRAY TOWN AREA,BRAY TOWN AREA,114.888706,4250
EEMETRIC,2025-05-01,6-008,6-008,BRIDGEPORT VALLEY,BRIDGEPORT VALLEY,113.812675,74902
EEMETRIC,2025-05-01,7-008,7-008,BRISTOL VALLEY,BRISTOL VALLEY,112.266985,7963
EEMETRIC,2025-05-01,5-080,5-080,BRITE VALLEY,BRITE VALLEY,115.22281,1324
EEMETRIC,2025-05-01,6-032,6-032,BROADWELL VALLEY,BROADWELL VALLEY,,0
EEMETRIC,2025-05-01,6-076,6-076,BROWN MOUNTAIN VALLEY,BROWN MOUNTAIN VALLEY,,0
EEMETRIC,2025-05-01,7-054,7-054,BUCK RIDGE FAULT VALLEY,BUCK RIDGE FAULT VALLEY,,0
EEMETRIC,2025-05-01,6-101,6-101,BULL FLAT,BULL FLAT,60.125,48
EEMETRIC,2025-05-01,5-048,5-048,BURNEY CREEK VALLEY,BURNEY CREEK VALLEY,116.871862,6852
EEMETRIC,2025-05-01,5-017,5-017,BURNS VALLEY,BURNS VALLEY,32.316609,1734
EEMETRIC,2025-05-01,5-051,5-051,BUTTE CREEK VALLEY,BUTTE CREEK VALLEY,,0
EEMETRIC,2025-05-01,1-003,1-003,BUTTE VALLEY,BUTTE VALLEY,84.969595,149448
EEMETRIC,2025-05-01,6-081,6-081,BUTTE VALLEY,BUTTE VALLEY,,0
EEMETRIC,2025-05-01,6-070,6-070,CACTUS FLAT,CACTUS FLAT,,0
EEMETRIC,2025-05-01,7-007,7-007,CADIZ VALLEY,CADIZ VALLEY,,0
EEMETRIC,2025-05-01,6-090,6-090,CADY FAULT AREA,CADY FAULT AREA,,0
EEMETRIC,2025-05-01,9-006,9-006,CAHUILLA VALLEY,CAHUILLA VALLEY,70.87856,6250
EEMETRIC,2025-05-01,6-079,6-079,CALIFORNIA VALLEY,CALIFORNIA VALLEY,,0
EEMETRIC,2025-05-01,7-041,7-041,CALZONA VALLEY,CALZONA VALLEY,,0
EEMETRIC,2025-05-01,6-061,6-061,CAMEO AREA,CAMEO AREA,,0
EEMETRIC,2025-05-01,9-028,9-028,CAMPO VALLEY,CAMPO VALLEY,91.285714,126
EEMETRIC,2025-05-01,7-046,7-046,CANEBRAKE VALLEY,CANEBRAKE VALLEY,,0
EEMETRIC,2025-05-01,3-007,3-007,CARMEL VALLEY,CARMEL VALLEY,91.50234,1282
EEMETRIC,2025-05-01,3-018,3-018,CARPINTERIA,CARPINTERIA,115.716303,13102
EEMETRIC,2025-05-01,3-019,3-019,CARRIZO PLAIN,CARRIZO PLAIN,23.809007,22739
EEMETRIC,2025-05-01,6-006,6-006,CARSON VALLEY,CARSON VALLEY,144.929536,10516
EEMETRIC,2025-05-01,5-029,5-029,CASTAC LAKE VALLEY,CASTAC LAKE VALLEY,76.743499,846
EEMETRIC,2025-05-01,2-008,2-008,CASTRO VALLEY,CASTRO VALLEY,,0
EEMETRIC,2025-05-01,6-038,6-038,CAVES CANYON VALLEY,CAVES CANYON VALLEY,,0
EEMETRIC,2025-05-01,5-045,5-045,CAYTON VALLEY,CAYTON VALLEY,131.024235,4250
EEMETRIC,2025-05-01,3-038,3-038,CAYUCOS VALLEY,CAYUCOS VALLEY,,0
EEMETRIC,2025-05-01,7-043,7-043,CHEMEHUEVI VALLEY,CHEMEHUEVI VALLEY,,0
EEMETRIC,2025-05-01,7-032,7-032,CHOCOLATE VALLEY,CHOCOLATE VALLEY,1.537313,67
EEMETRIC,2025-05-01,3-005,3-005,CHOLAME VALLEY,CHOLAME VALLEY,65.025624,17718
EEMETRIC,2025-05-01,3-042,3-042,CHORRO VALLEY,CHORRO VALLEY,92.474131,1295
EEMETRIC,2025-05-01,5-061,5-061,CHROME TOWN AREA,CHROME TOWN AREA,12.78865,511
EEMETRIC,2025-05-01,7-005,7-005,CHUCKWALLA VALLEY,CHUCKWALLA VALLEY,45.664205,4604
EEMETRIC,2025-05-01,2-005,2-005,CLAYTON VALLEY,CLAYTON VALLEY,120.306748,652
EEMETRIC,2025-05-01,5-066,5-066,CLEAR LAKE CACHE FORMATION,CLEAR LAKE CACHE FORMATION,36.86383,940
EEMETRIC,2025-05-01,5-058,5-058,CLOVER VALLEY,CLOVER VALLEY,132.898506,1606
EEMETRIC,2025-05-01,7-021.03,7-021,COACHELLA VALLEY,COACHELLA VALLEY - DESERT HOT SPRINGS,61.927387,2713
EEMETRIC,2025-05-01,7-021.01,7-021,COACHELLA VALLEY,COACHELLA VALLEY - INDIO,89.113653,293745
EEMETRIC,2025-05-01,7-021.02,7-021,COACHELLA VALLEY,COACHELLA VALLEY - MISSION CREEK,49.902863,978
EEMETRIC,2025-05-01,7-021.04,7-021,COACHELLA VALLEY,COACHELLA VALLEY - SAN GORGONIO PASS,134.626404,356
EEMETRIC,2025-05-01,4-011.04,4-011,COASTAL PLAIN OF LOS ANGELES,COASTAL PLAIN OF LOS ANGELES - CENTRAL,88.244111,7005
EEMETRIC,2025-05-01,4-011.02,4-011,COASTAL PLAIN OF LOS ANGELES,COASTAL PLAIN OF LOS ANGELES - HOLLYWOOD,65.755418,323
EEMETRIC,2025-05-01,4-011.01,4-011,COASTAL PLAIN OF LOS ANGELES,COASTAL PLAIN OF LOS ANGELES - SANTA MONICA,117.800048,4186
EEMETRIC,2025-05-01,4-011.03,4-011,COASTAL PLAIN OF LOS ANGELES,COASTAL PLAIN OF LOS ANGELES - WEST COAST,81.021932,4058
EEMETRIC,2025-05-01,8-001,8-001,COASTAL PLAIN OF ORANGE COUNTY,COASTAL PLAIN OF ORANGE COUNTY,90.368496,23946
EEMETRIC,2025-05-01,9-033,9-033,COASTAL PLAIN OF SAN DIEGO,COASTAL PLAIN OF SAN DIEGO,104.067864,3507
EEMETRIC,2025-05-01,6-072,6-072,COLES FLAT,COLES FLAT,,0
EEMETRIC,2025-05-01,5-019,5-019,COLLAYOMI VALLEY,COLLAYOMI VALLEY,39.435111,3845
EEMETRIC,2025-05-01,7-055,7-055,COLLINS VALLEY,COLLINS VALLEY,,0
EEMETRIC,2025-05-01,4-010,4-010,CONEJO,CONEJO,95.791165,498
EEMETRIC,2025-05-01,7-011,7-011,COPPER MOUNTAIN VALLEY,COPPER MOUNTAIN VALLEY,,0
EEMETRIC,2025-05-01,3-002.01,3-002,CORRALITOS,CORRALITOS - PAJARO VALLEY,94.819638,108848
EEMETRIC,2025-05-01,3-002.02,3-002,CORRALITOS,CORRALITOS - PURISIMA HIGHLANDS,91.864224,464
EEMETRIC,2025-05-01,6-055,6-055,COSO VALLEY,COSO VALLEY,,0
EEMETRIC,2025-05-01,1-037,1-037,COTTONEVA CREEK VALLEY,COTTONEVA CREEK VALLEY,,0
EEMETRIC,2025-05-01,9-027,9-027,COTTONWOOD VALLEY,COTTONWOOD VALLEY,125.271429,70
EEMETRIC,2025-05-01,1-011,1-011,COVELO ROUND VALLEY,COVELO ROUND VALLEY,120.537593,36576
EEMETRIC,2025-05-01,6-091,6-091,COW HEAD LAKE VALLEY,COW HEAD LAKE VALLEY,98.762581,15639
EEMETRIC,2025-05-01,6-037,6-037,COYOTE LAKE VALLEY,COYOTE LAKE VALLEY,25.234568,972
EEMETRIC,2025-05-01,5-018,5-018,COYOTE VALLEY,COYOTE VALLEY,65.792011,6534
EEMETRIC,2025-05-01,7-029,7-029,COYOTE WELLS VALLEY,COYOTE WELLS VALLEY,11.675,80
EEMETRIC,2025-05-01,6-035,6-035,CRONISE VALLEY,CRONISE VALLEY,,0
EEMETRIC,2025-05-01,6-050,6-050,CUDDEBACK VALLEY,CUDDEBACK VALLEY,,0
EEMETRIC,2025-05-01,5-082,5-082,CUDDY CANYON VALLEY,CUDDY CANYON VALLEY,,0
EEMETRIC,2025-05-01,5-083,5-083,CUDDY RANCH AREA,CUDDY RANCH AREA,,0
EEMETRIC,2025-05-01,5-084,5-084,CUDDY VALLEY,CUDDY VALLEY,60.1875,16
EEMETRIC,2025-05-01,5-027,5-027,CUMMINGS VALLEY,CUMMINGS VALLEY,135.818562,11464
EEMETRIC,2025-05-01,3-013,3-013,CUYAMA VALLEY,CUYAMA VALLEY,40.811521,153773
EEMETRIC,2025-05-01,7-009,7-009,DALE VALLEY,DALE VALLEY,5.177632,152
EEMETRIC,2025-05-01,6-057,6-057,DARWIN VALLEY,DARWIN VALLEY,,0
EEMETRIC,2025-05-01,7-061,7-061,DAVIES VALLEY,DAVIES VALLEY,,0
EEMETRIC,2025-05-01,7-013.01,7-013,DEADMAN VALLEY,DEADMAN VALLEY - DEADMAN LAKE,,0
EEMETRIC,2025-05-01,7-013.02,7-013,DEADMAN VALLEY,DEADMAN VALLEY - SURPRISE SPRING,,0
EEMETRIC,2025-05-01,6-018,6-018,DEATH VALLEY,DEATH VALLEY,8.611111,18
EEMETRIC,2025-05-01,6-015,6-015,DEEP SPRINGS VALLEY,DEEP SPRINGS VALLEY,127.351181,635
EEMETRIC,2025-05-01,6-078,6-078,DENNING SPRING VALLEY,DENNING SPRING VALLEY,,0
EEMETRIC,2025-05-01,1-034,1-034,DINSMORES TOWN AREA,DINSMORES TOWN AREA,62.72093,86
EEMETRIC,2025-05-01,5-053,5-053,DIXIE VALLEY,DIXIE VALLEY,116.930125,11449
EEMETRIC,2025-05-01,2-040,2-040,DOWNTOWN,DOWNTOWN,,0
EEMETRIC,2025-05-01,5-049,5-049,DRY BURNEY CREEK VALLEY,DRY BURNEY CREEK VALLEY,,0
EEMETRIC,2025-05-01,3-029,3-029,DRY LAKE VALLEY,DRY LAKE VALLEY,12.585185,540
EEMETRIC,2025-05-01,6-095,6-095,DRY VALLEY,DRY VALLEY,,0
EEMETRIC,2025-05-01,6-096,6-096,EAGLE LAKE AREA,EAGLE LAKE AREA,,0
EEMETRIC,2025-05-01,7-033,7-033,EAST SALTON SEA,EAST SALTON SEA,57.89084,40262
EEMETRIC,2025-05-01,1-044,1-044,EDEN VALLEY,EDEN VALLEY,64.310762,1654
EEMETRIC,2025-05-01,1-010,1-010,EEL RIVER VALLEY,EEL RIVER VALLEY,89.121963,107221
EEMETRIC,2025-05-01,5-041,5-041,EGG LAKE VALLEY,EGG LAKE VALLEY,,0
EEMETRIC,2025-05-01,9-016,9-016,EL CAJON VALLEY,EL CAJON VALLEY,61.225806,31
EEMETRIC,2025-05-01,6-043,6-043,EL MIRAGE VALLEY,EL MIRAGE VALLEY,4.30527,3207
EEMETRIC,2025-05-01,5-062,5-062,ELK CREEK AREA,ELK CREEK AREA,60.426573,143
EEMETRIC,2025-05-01,8-004.02,8-004,ELSINORE,ELSINORE - BEDFORD-COLDWATER,112.79361,1158
EEMETRIC,2025-05-01,8-004.01,8-004,ELSINORE,ELSINORE - ELSINORE VALLEY,77.897196,107
EEMETRIC,2025-05-01,9-009,9-009,ESCONDIDO VALLEY,ESCONDIDO VALLEY,89.941176,34
EEMETRIC,2025-05-01,1-009,1-009,EUREKA PLAIN,EUREKA PLAIN,93.514808,20901
EEMETRIC,2025-05-01,6-016,6-016,EUREKA VALLEY,EUREKA VALLEY,,0
EEMETRIC,2025-05-01,1-022,1-022,FAIRCHILD SWAMP VALLEY,FAIRCHILD SWAMP VALLEY,,0
EEMETRIC,2025-05-01,5-005,5-005,FALL RIVER VALLEY,FALL RIVER VALLEY,134.893488,134098
EEMETRIC,2025-05-01,7-002,7-002,FENNER VALLEY,FENNER VALLEY,,0
EEMETRIC,2025-05-01,6-014,6-014,FISH LAKE VALLEY,FISH LAKE VALLEY,191.125314,14340
EEMETRIC,2025-05-01,3-053,3-053,FOOTHILL,FOOTHILL,83.885714,35
EEMETRIC,2025-05-01,1-021,1-021,FORT BRAGG TERRACE AREA,FORT BRAGG TERRACE AREA,116.129614,9482
EEMETRIC,2025-05-01,1-061,1-061,FORT ROSS TERRACE DEPOSITS,FORT ROSS TERRACE DEPOSITS,149.80566,1060
EEMETRIC,2025-05-01,6-046,6-046,FREMONT VALLEY,FREMONT VALLEY,65.114418,1949
EEMETRIC,2025-05-01,5-090,5-090,FUNKS CREEK,FUNKS CREEK,94.1928,3278
EEMETRIC,2025-05-01,1-032,1-032,GARBERVILLE TOWN AREA,GARBERVILLE TOWN AREA,94.766791,536
EEMETRIC,2025-05-01,1-020,1-020,GARCIA RIVER VALLEY,GARCIA RIVER VALLEY,124.843431,2740
EEMETRIC,2025-05-01,3-003.01,3-003,GILROY-HOLLISTER VALLEY,GILROY-HOLLISTER VALLEY - LLAGAS AREA,72.464737,76695
EEMETRIC,2025-05-01,3-003.05,3-003,GILROY-HOLLISTER VALLEY,GILROY-HOLLISTER VALLEY - NORTH SAN BENITO,81.267825,195075
EEMETRIC,2025-05-01,6-085,6-085,GOLD VALLEY,GOLD VALLEY,,0
EEMETRIC,2025-05-01,6-048,6-048,GOLDSTONE VALLEY,GOLDSTONE VALLEY,,0
EEMETRIC,2025-05-01,3-016,3-016,GOLETA,GOLETA,93.166319,3355
EEMETRIC,2025-05-01,5-001.02,5-001,GOOSE LAKE,GOOSE LAKE - FANDANGO VALLEY,106.597061,29126
EEMETRIC,2025-05-01,5-001.01,5-001,GOOSE LAKE,GOOSE LAKE - GOOSE VALLEY,100.404909,55936
EEMETRIC,2025-05-01,5-047,5-047,GOOSE VALLEY,GOOSE VALLEY,125.182371,15463
EEMETRIC,2025-05-01,6-077,6-077,GRASS VALLEY,GRASS VALLEY,,0
EEMETRIC,2025-05-01,6-094,6-094,GRASSHOPPER VALLEY,GRASSHOPPER VALLEY,95.780129,3734
EEMETRIC,2025-05-01,1-048,1-048,GRAVELLY VALLEY,GRAVELLY VALLEY,,0
EEMETRIC,2025-05-01,5-052,5-052,GRAYS VALLEY,GRAYS VALLEY,,0
EEMETRIC,2025-05-01,6-084,6-084,GREENWATER VALLEY,GREENWATER VALLEY,,0
EEMETRIC,2025-05-01,5-059,5-059,GRIZZLY VALLEY,GRIZZLY VALLEY,,0
EEMETRIC,2025-05-01,2-022,2-022,HALF MOON BAY TERRACE,HALF MOON BAY TERRACE,103.771191,5769
EEMETRIC,2025-05-01,1-015,1-015,HAPPY CAMP TOWN AREA,HAPPY CAMP TOWN AREA,119.555556,99
EEMETRIC,2025-05-01,6-047,6-047,HARPER VALLEY,HARPER VALLEY,65.000884,5658
EEMETRIC,2025-05-01,6-074,6-074,HARRISBURG FLATS,HARRISBURG FLATS,,0
EEMETRIC,2025-05-01,6-093,6-093,HARVEY VALLEY,HARVEY VALLEY,,0
EEMETRIC,2025-05-01,1-006,1-006,HAYFORK VALLEY,HAYFORK VALLEY,76.292777,3115
EEMETRIC,2025-05-01,7-048,7-048,HELENDALE FAULT VALLEY,HELENDALE FAULT VALLEY,,0
EEMETRIC,2025-05-01,8-006,8-006,HEMET LAKE VALLEY,HEMET LAKE VALLEY,,0
EEMETRIC,2025-05-01,3-031,3-031,HERNANDEZ VALLEY,HERNANDEZ VALLEY,38.935733,389
EEMETRIC,2025-05-01,1-036,1-036,HETTENSHAW VALLEY,HETTENSHAW VALLEY,102.910082,2202
EEMETRIC,2025-05-01,7-053,7-053,HEXIE MOUNTAIN AREA,HEXIE MOUNTAIN AREA,,0
EEMETRIC,2025-05-01,6-063,6-063,HIDDEN VALLEY,HIDDEN VALLEY,,0
EEMETRIC,2025-05-01,4-016,4-016,HIDDEN VALLEY,HIDDEN VALLEY,85.490842,3767
EEMETRIC,2025-05-01,5-016,5-016,HIGH VALLEY,HIGH VALLEY,65.769507,2781
EEMETRIC,2025-05-01,6-004,6-004,HONEY LAKE VALLEY,HONEY LAKE VALLEY,99.905707,188784
EEMETRIC,2025-05-01,1-029,1-029,HONEYDEW TOWN AREA,HONEYDEW TOWN AREA,78.988166,1183
EEMETRIC,2025-05-01,1-007,1-007,HOOPA VALLEY,HOOPA VALLEY,103.429479,787
EEMETRIC,2025-05-01,6-097,6-097,HORSE LAKE VALLEY,HORSE LAKE VALLEY,129.251672,4335
EEMETRIC,2025-05-01,5-040,5-040,HOT SPRINGS VALLEY,HOT SPRINGS VALLEY,100.921923,3266
EEMETRIC,2025-05-01,3-045,3-045,HUASNA VALLEY,HUASNA VALLEY,76.371658,3366
EEMETRIC,2025-05-01,5-060,5-060,HUMBUG VALLEY,HUMBUG VALLEY,140.770798,1178
EEMETRIC,2025-05-01,4-018,4-018,HUNGRY VALLEY,HUNGRY VALLEY,,0
EEMETRIC,2025-05-01,1-035,1-035,HYAMPOM VALLEY,HYAMPOM VALLEY,63.952381,504
EEMETRIC,2025-05-01,7-030,7-030,IMPERIAL VALLEY,IMPERIAL VALLEY,148.550307,1787557
EEMETRIC,2025-05-01,5-009,5-009,INDIAN VALLEY,INDIAN VALLEY,146.429372,44586
EEMETRIC,2025-05-01,6-054,6-054,INDIAN WELLS VALLEY,INDIAN WELLS VALLEY,65.163177,14616
EEMETRIC,2025-05-01,7-050,7-050,IRON RIDGE AREA,IRON RIDGE AREA,,0
EEMETRIC,2025-05-01,2-033,2-033,ISLAIS VALLEY,ISLAIS VALLEY,,0
EEMETRIC,2025-05-01,6-030,6-030,IVANPAH VALLEY,IVANPAH VALLEY,8.697168,918
EEMETRIC,2025-05-01,7-047,7-047,JACUMBA VALLEY,JACUMBA VALLEY,,0
EEMETRIC,2025-05-01,5-003,5-003,JESS VALLEY,JESS VALLEY,147.406374,15658
EEMETRIC,2025-05-01,7-018.01,7-018,JOHNSON VALLEY,JOHNSON VALLEY - SOGGY LAKE,1.616667,60
EEMETRIC,2025-05-01,7-018.02,7-018,JOHNSON VALLEY,JOHNSON VALLEY - UPPER JOHNSON VALLEY,,0
EEMETRIC,2025-05-01,5-086,5-086,JOSEPH CREEK,JOSEPH CREEK,114.420501,4673
EEMETRIC,2025-05-01,7-062,7-062,JOSHUA TREE,JOSHUA TREE,,0
EEMETRIC,2025-05-01,6-089,6-089,KANE WASH AREA,KANE WASH AREA,,0
EEMETRIC,2025-05-01,6-069,6-069,KELSO LANDER VALLEY,KELSO LANDER VALLEY,,0
EEMETRIC,2025-05-01,6-031,6-031,KELSO VALLEY,KELSO VALLEY,,0
EEMETRIC,2025-05-01,2-019,2-019,KENWOOD VALLEY,KENWOOD VALLEY,50.590236,5674
EEMETRIC,2025-05-01,5-025,5-025,KERN RIVER VALLEY,KERN RIVER VALLEY,174.106321,15077
EEMETRIC,2025-05-01,1-002.02,1-002,KLAMATH RIVER VALLEY,KLAMATH RIVER VALLEY - LOWER KLAMATH,113.092455,93343
EEMETRIC,2025-05-01,1-002.01,1-002,KLAMATH RIVER VALLEY,KLAMATH RIVER VALLEY - TULELAKE,98.472906,296556
EEMETRIC,2025-05-01,1-050,1-050,KNIGHTS VALLEY,KNIGHTS VALLEY,54.557771,7322
EEMETRIC,2025-05-01,5-007,5-007,LAKE ALMANOR VALLEY,LAKE ALMANOR VALLEY,114.020587,2623
EEMETRIC,2025-05-01,5-046,5-046,LAKE BRITTON AREA,LAKE BRITTON AREA,104.521542,441
EEMETRIC,2025-05-01,7-001,7-001,LANFAIR VALLEY,LANFAIR VALLEY,,0
EEMETRIC,2025-05-01,6-036.02,6-036,LANGFORD VALLEY,LANGFORD VALLEY - IRWIN,,0
EEMETRIC,2025-05-01,6-036.01,6-036,LANGFORD VALLEY,LANGFORD VALLEY - LANGFORD WELL LAKE,,0
EEMETRIC,2025-05-01,1-033,1-033,LARABEE VALLEY,LARABEE VALLEY,91.995261,211
EEMETRIC,2025-05-01,4-008,4-008,LAS POSAS VALLEY,LAS POSAS VALLEY,101.384532,90830
EEMETRIC,2025-05-01,5-057,5-057,LAST CHANCE CREEK VALLEY,LAST CHANCE CREEK VALLEY,,0
EEMETRIC,2025-05-01,7-014,7-014,LAVIC VALLEY,LAVIC VALLEY,,0
EEMETRIC,2025-05-01,1-012,1-012,LAYTONVILLE VALLEY,LAYTONVILLE VALLEY,131.523221,5017
EEMETRIC,2025-05-01,6-027,6-027,LEACH VALLEY,LEACH VALLEY,,0
EEMETRIC,2025-05-01,6-066,6-066,LEE FLAT,LEE FLAT,,0
EEMETRIC,2025-05-01,6-106,6-106,LITTLE ANTELOPE VALLEY,LITTLE ANTELOPE VALLEY,102.663751,1829
EEMETRIC,2025-05-01,5-065,5-065,LITTLE INDIAN VALLEY,LITTLE INDIAN VALLEY,27.888889,18
EEMETRIC,2025-05-01,1-013,1-013,LITTLE LAKE VALLEY,LITTLE LAKE VALLEY,133.224769,16230
EEMETRIC,2025-05-01,1-041,1-041,LITTLE VALLEY,LITTLE VALLEY,161.325905,718
EEMETRIC,2025-05-01,2-010,2-010,LIVERMORE VALLEY,LIVERMORE VALLEY,57.259835,31366
EEMETRIC,2025-05-01,2-038,2-038,LOBOS,LOBOS,142.428088,591
EEMETRIC,2025-05-01,3-006,3-006,LOCKWOOD VALLEY,LOCKWOOD VALLEY,19.974484,22966
EEMETRIC,2025-05-01,4-017,4-017,LOCKWOOD VALLEY,LOCKWOOD VALLEY,18.475,120
EEMETRIC,2025-05-01,6-011,6-011,LONG VALLEY,LONG VALLEY,95.448552,28621
EEMETRIC,2025-05-01,5-044,5-044,LONG VALLEY,LONG VALLEY,,0
EEMETRIC,2025-05-01,6-104,6-104,LONG VALLEY,LONG VALLEY,99.667592,6486
EEMETRIC,2025-05-01,5-031,5-031,LONG VALLEY,LONG VALLEY,46.860243,2719
EEMETRIC,2025-05-01,5-070,5-070,LOS BANOS CREEK VALLEY,LOS BANOS CREEK VALLEY,,0
EEMETRIC,2025-05-01,3-008.01,3-008,LOS OSOS VALLEY,LOS OSOS VALLEY - LOS OSOS AREA,92.221462,1901
EEMETRIC,2025-05-01,3-008.02,3-008,LOS OSOS VALLEY,LOS OSOS VALLEY - WARDEN CREEK,89.512161,4235
EEMETRIC,2025-05-01,7-051,7-051,LOST HORSE VALLEY,LOST HORSE VALLEY,,0
EEMETRIC,2025-05-01,6-071,6-071,LOST LAKE VALLEY,LOST LAKE VALLEY,,0
EEMETRIC,2025-05-01,6-021,6-021,LOWER KINGSTON VALLEY,LOWER KINGSTON VALLEY,,0
EEMETRIC,2025-05-01,1-014,1-014,LOWER KLAMATH RIVER VALLEY,LOWER KLAMATH RIVER VALLEY,98.450254,1377
EEMETRIC,2025-05-01,5-030,5-030,LOWER LAKE VALLEY,LOWER LAKE VALLEY,60.423622,635
EEMETRIC,2025-05-01,1-038,1-038,LOWER LAYTONVILLE VALLEY,LOWER LAYTONVILLE VALLEY,88.359338,423
EEMETRIC,2025-05-01,6-040,6-040,LOWER MOJAVE RIVER VALLEY,LOWER MOJAVE RIVER VALLEY,82.549525,17375
EEMETRIC,2025-05-01,1-060,1-060,LOWER RUSSIAN RIVER VALLEY,LOWER RUSSIAN RIVER VALLEY,76.284797,5453
EEMETRIC,2025-05-01,7-019,7-019,LUCERNE VALLEY,LUCERNE VALLEY,14.259687,9962
EEMETRIC,2025-05-01,1-008.02,1-008,MAD RIVER VALLEY,MAD RIVER VALLEY - DOWS PRAIRIE SCHOOL AREA,90.632836,5902
EEMETRIC,2025-05-01,1-008.01,1-008,MAD RIVER VALLEY,MAD RIVER VALLEY - MAD RIVER LOWLAND,91.560728,27730
EEMETRIC,2025-05-01,6-002,6-002,MADELINE PLAINS,MADELINE PLAINS,101.828317,97657
EEMETRIC,2025-05-01,3-051,3-051,MAJORS CREEK,MAJORS CREEK,110.959288,393
EEMETRIC,2025-05-01,4-022,4-022,MALIBU VALLEY,MALIBU VALLEY,,0
EEMETRIC,2025-05-01,6-064,6-064,MARBLE CANYON AREA,MARBLE CANYON AREA,,0
EEMETRIC,2025-05-01,2-039,2-039,MARINA,MARINA,,0
EEMETRIC,2025-05-01,6-067,6-067,MARTIS VALLEY,MARTIS VALLEY,127.974158,3444
EEMETRIC,2025-05-01,7-059,7-059,MASON VALLEY,MASON VALLEY,,0
EEMETRIC,2025-05-01,1-028,1-028,MATTOLE RIVER VALLEY,MATTOLE RIVER VALLEY,88.433321,2797
EEMETRIC,2025-05-01,5-035,5-035,MCCLOUD AREA,MCCLOUD AREA,163.224599,187
EEMETRIC,2025-05-01,5-095,5-095,MEADOW VALLEY,MEADOW VALLEY,122.388108,925
EEMETRIC,2025-05-01,7-017,7-017,MEANS VALLEY,MEANS VALLEY,1.833333,42
EEMETRIC,2025-05-01,6-029,6-029,MESQUITE VALLEY,MESQUITE VALLEY,183.162729,9058
EEMETRIC,2025-05-01,6-020,6-020,MIDDLE AMARGOSA VALLEY,MIDDLE AMARGOSA VALLEY,68.422018,109
EEMETRIC,2025-05-01,5-094,5-094,MIDDLE CREEK,MIDDLE CREEK,52.192593,135
EEMETRIC,2025-05-01,5-087,5-087,MIDDLE FORK FEATHER RIVER,MIDDLE FORK FEATHER RIVER,143.23839,646
EEMETRIC,2025-05-01,6-041,6-041,MIDDLE MOJAVE RIVER VALLEY,MIDDLE MOJAVE RIVER VALLEY,77.463892,3268
EEMETRIC,2025-05-01,6-080,6-080,MIDDLE PARK CANYON,MIDDLE PARK CANYON,,0
EEMETRIC,2025-05-01,5-085,5-085,MIL POTRERO AREA,MIL POTRERO AREA,118.419643,112
EEMETRIC,2025-05-01,9-014,9-014,MISSION VALLEY,MISSION VALLEY,117.841978,829
EEMETRIC,2025-05-01,5-011,5-011,MOHAWK VALLEY,MOHAWK VALLEY,147.591793,6531
EEMETRIC,2025-05-01,6-009,6-009,MONO VALLEY,MONO VALLEY,75.066946,239
EEMETRIC,2025-05-01,3-049,3-049,MONTECITO,MONTECITO,107.469803,1722
EEMETRIC,2025-05-01,7-020,7-020,MORONGO VALLEY,MORONGO VALLEY,13.285714,21
EEMETRIC,2025-05-01,3-041,3-041,MORRO VALLEY,MORRO VALLEY,135.000806,1241
EEMETRIC,2025-05-01,5-008,5-008,MOUNTAIN MEADOWS VALLEY,MOUNTAIN MEADOWS VALLEY,142.41233,23845
EEMETRIC,2025-05-01,1-056,1-056,McDOWELL VALLEY,McDOWELL VALLEY,53.849857,2804
EEMETRIC,2025-05-01,2-002.01,2-002,NAPA-SONOMA VALLEY,NAPA-SONOMA VALLEY - NAPA VALLEY,63.276987,93416
EEMETRIC,2025-05-01,2-002.03,2-002,NAPA-SONOMA VALLEY,NAPA-SONOMA VALLEY - NAPA-SONOMA LOWLANDS,87.115561,23572
EEMETRIC,2025-05-01,2-002.02,2-002,NAPA-SONOMA VALLEY,NAPA-SONOMA VALLEY - SONOMA VALLEY,93.67895,80598
EEMETRIC,2025-05-01,1-046,1-046,NAVARRO RIVER VALLEY,NAVARRO RIVER VALLEY,,0
EEMETRIC,2025-05-01,3-052,3-052,NEEDLE ROCK POINT,NEEDLE ROCK POINT,86.02467,1135
EEMETRIC,2025-05-01,7-044,7-044,NEEDLES VALLEY,NEEDLES VALLEY,231.081661,16397
EEMETRIC,2025-05-01,5-050,5-050,NORTH FORK BATTLE CREEK,NORTH FORK BATTLE CREEK,142.006054,2808
EEMETRIC,2025-05-01,2-030,2-030,NOVATO VALLEY,NOVATO VALLEY,106.656139,14596
EEMETRIC,2025-05-01,7-025,7-025,OCOTILLO-CLARK VALLEY,OCOTILLO-CLARK VALLEY,84.369031,37509
EEMETRIC,2025-05-01,7-035,7-035,OGILBY VALLEY,OGILBY VALLEY,71.77182,3357
EEMETRIC,2025-05-01,4-002,4-002,OJAI VALLEY,OJAI VALLEY,94.774526,9327
EEMETRIC,2025-05-01,3-039,3-039,OLD VALLEY,OLD VALLEY,99.531707,205
EEMETRIC,2025-05-01,6-108,6-108,OLYMPIC VALLEY,OLYMPIC VALLEY,113.366337,303
EEMETRIC,2025-05-01,7-031,7-031,OROCOPIA VALLEY,OROCOPIA VALLEY,5.552795,161
EEMETRIC,2025-05-01,6-012.02,6-012,OWENS VALLEY,OWENS VALLEY - FISH SLOUGH,,0
EEMETRIC,2025-05-01,6-012.01,6-012,OWENS VALLEY,OWENS VALLEY - OWENS VALLEY,121.559375,93070
EEMETRIC,2025-05-01,6-088,6-088,OWL LAKE VALLEY,OWL LAKE VALLEY,,0
EEMETRIC,2025-05-01,6-028,6-028,PAHRUMP VALLEY,PAHRUMP VALLEY,,0
EEMETRIC,2025-05-01,6-099,6-099,PAINTERS FLAT,PAINTERS FLAT,91.473963,1133
EEMETRIC,2025-05-01,7-039,7-039,PALO VERDE MESA,PALO VERDE MESA,130.675862,161308
EEMETRIC,2025-05-01,7-038,7-038,PALO VERDE VALLEY,PALO VERDE VALLEY,137.002458,224174
EEMETRIC,2025-05-01,9-024,9-024,PAMO VALLEY,PAMO VALLEY,,0
EEMETRIC,2025-05-01,6-058,6-058,PANAMINT VALLEY,PANAMINT VALLEY,,0
EEMETRIC,2025-05-01,5-023,5-023,PANOCHE VALLEY,PANOCHE VALLEY,20.815361,1966
EEMETRIC,2025-05-01,3-032,3-032,PEACH TREE VALLEY,PEACH TREE VALLEY,26.367508,1268
EEMETRIC,2025-05-01,1-030,1-030,PEPPERWOOD TOWN AREA,PEPPERWOOD TOWN AREA,91.861454,3479
EEMETRIC,2025-05-01,2-026,2-026,PESCADERO VALLEY,PESCADERO VALLEY,108.469942,1730
EEMETRIC,2025-05-01,2-001,2-001,PETALUMA VALLEY,PETALUMA VALLEY,98.774453,46221
EEMETRIC,2025-05-01,6-051,6-051,PILOT KNOB VALLEY,PILOT KNOB VALLEY,,0
EEMETRIC,2025-05-01,6-092,6-092,PINE CREEK VALLEY,PINE CREEK VALLEY,145.640625,64
EEMETRIC,2025-05-01,7-006,7-006,PINTO VALLEY,PINTO VALLEY,,0
EEMETRIC,2025-05-01,7-049,7-049,PIPES CANYON FAULT VALLEY,PIPES CANYON FAULT VALLEY,,0
EEMETRIC,2025-05-01,2-004,2-004,PITTSBURG PLAIN,PITTSBURG PLAIN,,0
EEMETRIC,2025-05-01,7-045,7-045,PIUTE VALLEY,PIUTE VALLEY,,0
EEMETRIC,2025-05-01,7-052,7-052,PLEASANT VALLEY,PLEASANT VALLEY,,0
EEMETRIC,2025-05-01,4-006,4-006,PLEASANT VALLEY,PLEASANT VALLEY,89.417791,33196
EEMETRIC,2025-05-01,5-038,5-038,PONDOSA TOWN AREA,PONDOSA TOWN AREA,,0
EEMETRIC,2025-05-01,5-068,5-068,POPE VALLEY,POPE VALLEY,44.435579,12659
EEMETRIC,2025-05-01,9-029,9-029,POTRERO VALLEY,POTRERO VALLEY,107.107817,371
EEMETRIC,2025-05-01,1-051,1-051,POTTER VALLEY,POTTER VALLEY,107.356281,20554
EEMETRIC,2025-05-01,9-013,9-013,POWAY VALLEY,POWAY VALLEY,,0
EEMETRIC,2025-05-01,3-044,3-044,POZO VALLEY,POZO VALLEY,56.707704,2713
EEMETRIC,2025-05-01,1-025,1-025,PRAIRIE CREEK AREA,PRAIRIE CREEK AREA,,0
EEMETRIC,2025-05-01,7-040,7-040,QUIEN SABE POINT VALLEY,QUIEN SABE POINT VALLEY,112.473164,708
EEMETRIC,2025-05-01,3-024,3-024,QUIEN SABE VALLEY,QUIEN SABE VALLEY,130.117425,11403
EEMETRIC,2025-05-01,6-062,6-062,RACE TRACK VALLEY,RACE TRACK VALLEY,,0
EEMETRIC,2025-05-01,3-046,3-046,RAFAEL VALLEY,RAFAEL VALLEY,24.0,1
EEMETRIC,2025-05-01,9-025,9-025,RANCHITA TOWN AREA,RANCHITA TOWN AREA,51.863636,44
EEMETRIC,2025-05-01,4-023,4-023,RAYMOND,RAYMOND,105.755387,1717
EEMETRIC,2025-05-01,6-024,6-024,RED PASS VALLEY,RED PASS VALLEY,,0
EEMETRIC,2025-05-01,1-018,1-018,RED ROCK VALLEY,RED ROCK VALLEY,106.178086,22680
EEMETRIC,2025-05-01,5-006.03,5-006,REDDING AREA,REDDING AREA - ANDERSON,96.573863,42951
EEMETRIC,2025-05-01,5-006.01,5-006,REDDING AREA,REDDING AREA - BOWMAN,104.444371,18219
EEMETRIC,2025-05-01,5-006.04,5-006,REDDING AREA,REDDING AREA - ENTERPRISE,74.996619,22476
EEMETRIC,2025-05-01,5-006.05,5-006,REDDING AREA,REDDING AREA - MILLVILLE,86.069588,9082
EEMETRIC,2025-05-01,5-006.06,5-006,REDDING AREA,REDDING AREA - SOUTH BATTLE CREEK,100.523177,7982
EEMETRIC,2025-05-01,1-026,1-026,REDWOOD CREEK AREA,REDWOOD CREEK AREA,100.634956,2712
EEMETRIC,2025-05-01,6-086,6-086,RHODES HILL AREA,RHODES HILL AREA,,0
EEMETRIC,2025-05-01,7-004,7-004,RICE VALLEY,RICE VALLEY,217.087237,619
EEMETRIC,2025-05-01,6-023,6-023,RIGGS VALLEY,RIGGS VALLEY,,0
EEMETRIC,2025-05-01,3-043,3-043,RINCONADA VALLEY,RINCONADA VALLEY,90.023048,2907
EEMETRIC,2025-05-01,5-043,5-043,ROCK PRAIRIE VALLEY,ROCK PRAIRIE VALLEY,,0
EEMETRIC,2025-05-01,6-056,6-056,ROSE VALLEY,ROSE VALLEY,,0
EEMETRIC,2025-05-01,2-028,2-028,ROSS VALLEY,ROSS VALLEY,,0
EEMETRIC,2025-05-01,5-036,5-036,ROUND VALLEY,ROUND VALLEY,81.550168,14312
EEMETRIC,2025-05-01,4-020,4-020,RUSSELL VALLEY,RUSSELL VALLEY,81.015267,131
EEMETRIC,2025-05-01,5-021.54,5-021,SACRAMENTO VALLEY,SACRAMENTO VALLEY - ANTELOPE,118.976147,37689
EEMETRIC,2025-05-01,5-021.53,5-021,SACRAMENTO VALLEY,SACRAMENTO VALLEY - BEND,68.645937,2621
EEMETRIC,2025-05-01,5-021.70,5-021,SACRAMENTO VALLEY,SACRAMENTO VALLEY - BUTTE,150.307495,817606
EEMETRIC,2025-05-01,5-021.52,5-021,SACRAMENTO VALLEY,SACRAMENTO VALLEY - COLUSA,137.521131,2198924
EEMETRIC,2025-05-01,5-021.51,5-021,SACRAMENTO VALLEY,SACRAMENTO VALLEY - CORNING,108.564857,348885
EEMETRIC,2025-05-01,5-021.56,5-021,SACRAMENTO VALLEY,SACRAMENTO VALLEY - LOS MOLINOS,119.890257,77700
EEMETRIC,2025-05-01,5-021.64,5-021,SACRAMENTO VALLEY,SACRAMENTO VALLEY - NORTH AMERICAN,118.621647,553446
EEMETRIC,2025-05-01,5-021.60,5-021,SACRAMENTO VALLEY,SACRAMENTO VALLEY - NORTH YUBA,159.782366,171444
EEMETRIC,2025-05-01,5-021.50,5-021,SACRAMENTO VALLEY,SACRAMENTO VALLEY - RED BLUFF,108.984483,175098
EEMETRIC,2025-05-01,5-021.66,5-021,SACRAMENTO VALLEY,SACRAMENTO VALLEY - SOLANO,118.837265,931559
EEMETRIC,2025-05-01,5-021.65,5-021,SACRAMENTO VALLEY,SACRAMENTO VALLEY - SOUTH AMERICAN,108.548936,248978
EEMETRIC,2025-05-01,5-021.61,5-021,SACRAMENTO VALLEY,SACRAMENTO VALLEY - SOUTH YUBA,138.202795,215148
EEMETRIC,2025-05-01,5-021.62,5-021,SACRAMENTO VALLEY,SACRAMENTO VALLEY - SUTTER,133.933959,862677
EEMETRIC,2025-05-01,5-021.57,5-021,SACRAMENTO VALLEY,SACRAMENTO VALLEY - VINA,136.685375,355464
EEMETRIC,2025-05-01,5-021.69,5-021,SACRAMENTO VALLEY,SACRAMENTO VALLEY - WYANDOTTE CREEK,126.100114,72218
EEMETRIC,2025-05-01,5-021.67,5-021,SACRAMENTO VALLEY,SACRAMENTO VALLEY - YOLO,108.738529,1423435
EEMETRIC,2025-05-01,3-004.01,3-004,SALINAS VALLEY,SALINAS VALLEY - 180/400 FOOT AQUIFER,110.165845,243764
EEMETRIC,2025-05-01,3-004.11,3-004,SALINAS VALLEY,SALINAS VALLEY - ATASCADERO AREA,56.372196,25586
EEMETRIC,2025-05-01,3-004.02,3-004,SALINAS VALLEY,SALINAS VALLEY - EAST SIDE AQUIFER,103.092779,155208
EEMETRIC,2025-05-01,3-004.04,3-004,SALINAS VALLEY,SALINAS VALLEY - FOREBAY AQUIFER,102.941101,261975
EEMETRIC,2025-05-01,3-004.09,3-004,SALINAS VALLEY,SALINAS VALLEY - LANGLEY AREA,90.638757,8396
EEMETRIC,2025-05-01,3-004.10,3-004,SALINAS VALLEY,SALINAS VALLEY - MONTEREY,95.324102,3033
EEMETRIC,2025-05-01,3-004.06,3-004,SALINAS VALLEY,SALINAS VALLEY - PASO ROBLES AREA,52.66699,339924
EEMETRIC,2025-05-01,3-004.08,3-004,SALINAS VALLEY,SALINAS VALLEY - SEASIDE,103.099209,1643
EEMETRIC,2025-05-01,3-004.05,3-004,SALINAS VALLEY,SALINAS VALLEY - UPPER VALLEY AQUIFER,86.790325,280181
EEMETRIC,2025-05-01,6-017,6-017,SALINE VALLEY,SALINE VALLEY,,0
EEMETRIC,2025-05-01,6-053,6-053,SALT WELLS VALLEY,SALT WELLS VALLEY,,0
EEMETRIC,2025-05-01,3-014,3-014,SAN ANTONIO CREEK VALLEY,SAN ANTONIO CREEK VALLEY,57.783818,63229
EEMETRIC,2025-05-01,3-028,3-028,SAN BENITO RIVER VALLEY,SAN BENITO RIVER VALLEY,63.328875,4187
EEMETRIC,2025-05-01,3-033,3-033,SAN CARPOFORO VALLEY,SAN CARPOFORO VALLEY,,0
EEMETRIC,2025-05-01,9-015,9-015,SAN DIEGO RIVER VALLEY,SAN DIEGO RIVER VALLEY,100.301141,1139
EEMETRIC,2025-05-01,9-012,9-012,SAN DIEGUITO CREEK,SAN DIEGUITO CREEK,120.337888,1610
EEMETRIC,2025-05-01,9-023,9-023,SAN ELIJO VALLEY,SAN ELIJO VALLEY,109.28,25
EEMETRIC,2025-05-01,7-027,7-027,SAN FELIPE VALLEY,SAN FELIPE VALLEY,37.972973,74
EEMETRIC,2025-05-01,4-012,4-012,SAN FERNANDO VALLEY,SAN FERNANDO VALLEY,105.560432,8431
EEMETRIC,2025-05-01,4-013,4-013,SAN GABRIEL VALLEY,SAN GABRIEL VALLEY,111.545574,9139
EEMETRIC,2025-05-01,2-024,2-024,SAN GREGORIO VALLEY,SAN GREGORIO VALLEY,118.755752,1130
EEMETRIC,2025-05-01,8-005,8-005,SAN JACINTO,SAN JACINTO,92.042244,135450
EEMETRIC,2025-05-01,5-022.05,5-022,SAN JOAQUIN VALLEY,SAN JOAQUIN VALLEY - CHOWCHILLA,135.276987,545902
EEMETRIC,2025-05-01,5-022.16,5-022,SAN JOAQUIN VALLEY,SAN JOAQUIN VALLEY - COSUMNES,94.850888,250879
EEMETRIC,2025-05-01,5-022.07,5-022,SAN JOAQUIN VALLEY,SAN JOAQUIN VALLEY - DELTA-MENDOTA,108.343746,2031921
EEMETRIC,2025-05-01,5-022.19,5-022,SAN JOAQUIN VALLEY,SAN JOAQUIN VALLEY - EAST CONTRA COSTA,103.746797,180148
EEMETRIC,2025-05-01,5-022.01,5-022,SAN JOAQUIN VALLEY,SAN JOAQUIN VALLEY - EASTERN SAN JOAQUIN,116.508351,1846604
EEMETRIC,2025-05-01,5-022.11,5-022,SAN JOAQUIN VALLEY,SAN JOAQUIN VALLEY - KAWEAH,122.590608,1384373
EEMETRIC,2025-05-01,5-022.14,5-022,SAN JOAQUIN VALLEY,SAN JOAQUIN VALLEY - KERN COUNTY,113.811671,3709451
EEMETRIC,2025-05-01,5-022.17,5-022,SAN JOAQUIN VALLEY,SAN JOAQUIN VALLEY - KETTLEMAN PLAIN,33.310689,135911
EEMETRIC,2025-05-01,5-022.08,5-022,SAN JOAQUIN VALLEY,SAN JOAQUIN VALLEY - KINGS,119.559569,2980360
EEMETRIC,2025-05-01,5-022.06,5-022,SAN JOAQUIN VALLEY,SAN JOAQUIN VALLEY - MADERA,130.554228,953242
EEMETRIC,2025-05-01,5-022.04,5-022,SAN JOAQUIN VALLEY,SAN JOAQUIN VALLEY - MERCED,109.739435,1185008
EEMETRIC,2025-05-01,5-022.02,5-022,SAN JOAQUIN VALLEY,SAN JOAQUIN VALLEY - MODESTO,145.235145,583343
EEMETRIC,2025-05-01,5-022.10,5-022,SAN JOAQUIN VALLEY,SAN JOAQUIN VALLEY - PLEASANT VALLEY,70.280609,120709
EEMETRIC,2025-05-01,5-022.15,5-022,SAN JOAQUIN VALLEY,SAN JOAQUIN VALLEY - TRACY,113.002134,626628
EEMETRIC,2025-05-01,5-022.12,5-022,SAN JOAQUIN VALLEY,SAN JOAQUIN VALLEY - TULARE LAKE,83.641111,1573381
EEMETRIC,2025-05-01,5-022.13,5-022,SAN JOAQUIN VALLEY,SAN JOAQUIN VALLEY - TULE,108.828092,1579994
EEMETRIC,2025-05-01,5-022.03,5-022,SAN JOAQUIN VALLEY,SAN JOAQUIN VALLEY - TURLOCK,119.721047,1022516
EEMETRIC,2025-05-01,5-022.09,5-022,SAN JOAQUIN VALLEY,SAN JOAQUIN VALLEY - WESTSIDE,95.865896,2400602
EEMETRIC,2025-05-01,5-022.18,5-022,SAN JOAQUIN VALLEY,SAN JOAQUIN VALLEY - WHITE WOLF,122.879464,162939
EEMETRIC,2025-05-01,9-001,9-001,SAN JUAN VALLEY,SAN JUAN VALLEY,101.310299,2272
EEMETRIC,2025-05-01,3-009,3-009,SAN LUIS OBISPO VALLEY,SAN LUIS OBISPO VALLEY,86.923095,16683
EEMETRIC,2025-05-01,9-007.02,9-007,SAN LUIS REY VALLEY,SAN LUIS REY VALLEY - LOWER SAN LUIS REY VALLEY,105.718524,2764
EEMETRIC,2025-05-01,9-007.01,9-007,SAN LUIS REY VALLEY,SAN LUIS REY VALLEY - UPPER SAN LUIS REY VALLEY,140.832715,25597
EEMETRIC,2025-05-01,9-032,9-032,SAN MARCOS AREA,SAN MARCOS AREA,123.777778,27
EEMETRIC,2025-05-01,9-002,9-002,SAN MATEO VALLEY,SAN MATEO VALLEY,105.777778,9
EEMETRIC,2025-05-01,9-003,9-003,SAN ONOFRE VALLEY,SAN ONOFRE VALLEY,,0
EEMETRIC,2025-05-01,9-010,9-010,SAN PASQUAL VALLEY,SAN PASQUAL VALLEY,115.23176,7689
EEMETRIC,2025-05-01,2-036,2-036,SAN PEDRO VALLEY,SAN PEDRO VALLEY,123.208333,24
EEMETRIC,2025-05-01,2-029,2-029,SAN RAFAEL VALLEY,SAN RAFAEL VALLEY,,0
EEMETRIC,2025-05-01,2-007,2-007,SAN RAMON VALLEY,SAN RAMON VALLEY,107.031746,378
EEMETRIC,2025-05-01,3-035,3-035,SAN SIMEON VALLEY,SAN SIMEON VALLEY,105.074074,216
EEMETRIC,2025-05-01,2-027,2-027,SAND POINT AREA,SAND POINT AREA,144.909405,20564
EEMETRIC,2025-05-01,1-053,1-053,SANEL VALLEY,SANEL VALLEY,63.80977,11812
EEMETRIC,2025-05-01,3-022,3-022,SANTA ANA VALLEY,SANTA ANA VALLEY,62.536602,7158
EEMETRIC,2025-05-01,3-017,3-017,SANTA BARBARA,SANTA BARBARA,112.528818,694
EEMETRIC,2025-05-01,4-004.05,4-004,SANTA CLARA RIVER VALLEY,SANTA CLARA RIVER VALLEY - FILLMORE,111.470541,50121
EEMETRIC,2025-05-01,4-004.03,4-004,SANTA CLARA RIVER VALLEY,SANTA CLARA RIVER VALLEY - MOUND,82.817244,9499
EEMETRIC,2025-05-01,4-004.02,4-004,SANTA CLARA RIVER VALLEY,SANTA CLARA RIVER VALLEY - OXNARD,94.113853,106699
EEMETRIC,2025-05-01,4-004.06,4-004,SANTA CLARA RIVER VALLEY,SANTA CLARA RIVER VALLEY - PIRU,95.545443,23073
EEMETRIC,2025-05-01,4-004.07,4-004,SANTA CLARA RIVER VALLEY,SANTA CLARA RIVER VALLEY - SANTA CLARA RIVER VALLEY EAST,62.265315,6807
EEMETRIC,2025-05-01,4-004.04,4-004,SANTA CLARA RIVER VALLEY,SANTA CLARA RIVER VALLEY - SANTA PAULA,105.854293,40609
EEMETRIC,2025-05-01,2-009.04,2-009,SANTA CLARA VALLEY,SANTA CLARA VALLEY - EAST BAY PLAIN,100.50552,2989
EEMETRIC,2025-05-01,2-009.01,2-009,SANTA CLARA VALLEY,SANTA CLARA VALLEY - NILES CONE,76.796762,1791
EEMETRIC,2025-05-01,2-009.03,2-009,SANTA CLARA VALLEY,SANTA CLARA VALLEY - SAN MATEO PLAIN,83.949013,1216
EEMETRIC,2025-05-01,2-009.02,2-009,SANTA CLARA VALLEY,SANTA CLARA VALLEY - SANTA CLARA,79.418573,25790
EEMETRIC,2025-05-01,3-001,3-001,SANTA CRUZ MID-COUNTY,SANTA CRUZ MID-COUNTY,95.085219,3978
EEMETRIC,2025-05-01,3-027,3-027,SANTA MARGARITA,SANTA MARGARITA,86.204698,298
EEMETRIC,2025-05-01,9-004,9-004,SANTA MARGARITA VALLEY,SANTA MARGARITA VALLEY,,0
EEMETRIC,2025-05-01,3-012.02,3-012,SANTA MARIA RIVER VALLEY,SANTA MARIA RIVER VALLEY - ARROYO GRANDE,99.495628,6176
EEMETRIC,2025-05-01,3-012.01,3-012,SANTA MARIA RIVER VALLEY,SANTA MARIA RIVER VALLEY - SANTA MARIA,99.138321,260843
EEMETRIC,2025-05-01,9-011,9-011,SANTA MARIA VALLEY,SANTA MARIA VALLEY,101.39767,3176
EEMETRIC,2025-05-01,6-068,6-068,SANTA ROSA FLAT,SANTA ROSA FLAT,,0
EEMETRIC,2025-05-01,3-036,3-036,SANTA ROSA VALLEY,SANTA ROSA VALLEY,100.408163,2744
EEMETRIC,2025-05-01,1-055.02,1-055,SANTA ROSA VALLEY,SANTA ROSA VALLEY - HEALDSBURG AREA,56.246202,31401
EEMETRIC,2025-05-01,1-055.03,1-055,SANTA ROSA VALLEY,SANTA ROSA VALLEY - RINCON VALLEY,40.984509,581
EEMETRIC,2025-05-01,1-055.01,1-055,SANTA ROSA VALLEY,SANTA ROSA VALLEY - SANTA ROSA PLAIN,80.453849,81016
EEMETRIC,2025-05-01,3-015,3-015,SANTA YNEZ RIVER VALLEY,SANTA YNEZ RIVER VALLEY,69.362655,118162
EEMETRIC,2025-05-01,1-005,1-005,SCOTT RIVER VALLEY,SCOTT RIVER VALLEY,117.652005,147258
EEMETRIC,2025-05-01,5-014,5-014,SCOTTS VALLEY,SCOTTS VALLEY,90.504607,7271
EEMETRIC,2025-05-01,6-052,6-052,SEARLES VALLEY,SEARLES VALLEY,,0
EEMETRIC,2025-05-01,6-100,6-100,SECRET VALLEY,SECRET VALLEY,77.347443,12379
EEMETRIC,2025-05-01,1-016,1-016,SEIAD VALLEY,SEIAD VALLEY,96.731207,439
EEMETRIC,2025-05-01,8-008,8-008,SEVEN OAKS VALLEY,SEVEN OAKS VALLEY,,0
EEMETRIC,2025-05-01,1-004,1-004,SHASTA VALLEY,SHASTA VALLEY,90.77872,257678
EEMETRIC,2025-05-01,1-042,1-042,SHERWOOD VALLEY,SHERWOOD VALLEY,,0
EEMETRIC,2025-05-01,5-012.02,5-012,SIERRA VALLEY,SIERRA VALLEY - CHILCOOT,160.224705,5505
EEMETRIC,2025-05-01,5-012.01,5-012,SIERRA VALLEY,SIERRA VALLEY - SIERRA VALLEY,128.12497,213275
EEMETRIC,2025-05-01,6-034,6-034,SILVER LAKE VALLEY,SILVER LAKE VALLEY,,0
EEMETRIC,2025-05-01,4-009,4-009,SIMI VALLEY,SIMI VALLEY,104.734002,1297
EEMETRIC,2025-05-01,6-105,6-105,SLINKARD VALLEY,SLINKARD VALLEY,,0
EEMETRIC,2025-05-01,1-001,1-001,SMITH RIVER PLAIN,SMITH RIVER PLAIN,91.457378,36261
EEMETRIC,2025-05-01,6-033,6-033,SODA LAKE VALLEY,SODA LAKE VALLEY,,0
EEMETRIC,2025-05-01,2-037,2-037,SOUTH SAN FRANCISCO,SOUTH SAN FRANCISCO,,0
EEMETRIC,2025-05-01,6-082,6-082,SPRING CANYON VALLEY,SPRING CANYON VALLEY,,0
EEMETRIC,2025-05-01,5-089,5-089,SQUAW FLAT,SQUAW FLAT,,0
EEMETRIC,2025-05-01,5-088,5-088,STONY GORGE RESERVOIR,STONY GORGE RESERVOIR,35.577801,964
EEMETRIC,2025-05-01,5-063,5-063,STONYFORD TOWN AREA,STONYFORD TOWN AREA,92.208452,3857
EEMETRIC,2025-05-01,2-003,2-003,SUISUN-FAIRFIELD VALLEY,SUISUN-FAIRFIELD VALLEY,90.603355,91868
EEMETRIC,2025-05-01,2-011,2-011,SUNOL VALLEY,SUNOL VALLEY,88.125,1656
EEMETRIC,2025-05-01,6-049,6-049,SUPERIOR VALLEY,SUPERIOR VALLEY,,0
EEMETRIC,2025-05-01,6-001,6-001,SURPRISE VALLEY,SURPRISE VALLEY,110.663545,234180
EEMETRIC,2025-05-01,6-107,6-107,SWEETWATER FLAT,SWEETWATER FLAT,83.901235,324
EEMETRIC,2025-05-01,6-005.03,6-005,TAHOE VALLEY,TAHOE VALLEY - TAHOE NORTH,178.333333,210
EEMETRIC,2025-05-01,6-005.01,6-005,TAHOE VALLEY,TAHOE VALLEY - TAHOE SOUTH,147.750993,755
EEMETRIC,2025-05-01,6-005.02,6-005,TAHOE VALLEY,TAHOE VALLEY - TAHOE WEST,131.163743,171
EEMETRIC,2025-05-01,6-045,6-045,TEHACHAPI VALLEY EAST,TEHACHAPI VALLEY EAST,128.400353,3397
EEMETRIC,2025-05-01,5-028,5-028,TEHACHAPI VALLEY WEST,TEHACHAPI VALLEY WEST,102.90022,4540
EEMETRIC,2025-05-01,9-005,9-005,TEMECULA VALLEY,TEMECULA VALLEY,94.739679,20517
EEMETRIC,2025-05-01,1-040,1-040,TEN MILE RIVER VALLEY,TEN MILE RIVER VALLEY,150.004785,209
EEMETRIC,2025-05-01,7-026,7-026,TERWILLIGER VALLEY,TERWILLIGER VALLEY,74.183432,169
EEMETRIC,2025-05-01,4-019,4-019,THOUSAND OAKS AREA,THOUSAND OAKS AREA,103.846753,385
EEMETRIC,2025-05-01,4-015,4-015,TIERRA REJADA,TIERRA REJADA,92.972141,4092
EEMETRIC,2025-05-01,5-037,5-037,TOAD WELL AREA,TOAD WELL AREA,,0
EEMETRIC,2025-05-01,3-040,3-040,TORO VALLEY,TORO VALLEY,91.610811,370
EEMETRIC,2025-05-01,6-098,6-098,TULEDAD CANYON VALLEY,TULEDAD CANYON VALLEY,87.187097,310
EEMETRIC,2025-05-01,7-010,7-010,TWENTYNINE PALMS VALLEY,TWENTYNINE PALMS VALLEY,36.121821,747
EEMETRIC,2025-05-01,1-052,1-052,UKIAH VALLEY,UKIAH VALLEY,58.893251,43476
EEMETRIC,2025-05-01,6-022,6-022,UPPER KINGSTON VALLEY,UPPER KINGSTON VALLEY,,0
EEMETRIC,2025-05-01,5-013,5-013,UPPER LAKE VALLEY,UPPER LAKE VALLEY,103.78168,12413
EEMETRIC,2025-05-01,6-042,6-042,UPPER MOJAVE RIVER VALLEY,UPPER MOJAVE RIVER VALLEY,67.170421,6748
EEMETRIC,2025-05-01,4-001,4-001,UPPER OJAI VALLEY,UPPER OJAI VALLEY,91.773528,3294
EEMETRIC,2025-05-01,3-023,3-023,UPPER SANTA ANA VALLEY,UPPER SANTA ANA VALLEY,42.714286,7
EEMETRIC,2025-05-01,8-002.05,8-002,UPPER SANTA ANA VALLEY,UPPER SANTA ANA VALLEY - CAJON,52.888235,170
EEMETRIC,2025-05-01,8-002.01,8-002,UPPER SANTA ANA VALLEY,UPPER SANTA ANA VALLEY - CHINO,77.236175,29440
EEMETRIC,2025-05-01,8-002.02,8-002,UPPER SANTA ANA VALLEY,UPPER SANTA ANA VALLEY - CUCAMONGA,117.158209,670
EEMETRIC,2025-05-01,8-002.04,8-002,UPPER SANTA ANA VALLEY,UPPER SANTA ANA VALLEY - RIALTO-COLTON,97.225858,1253
EEMETRIC,2025-05-01,8-002.03,8-002,UPPER SANTA ANA VALLEY,UPPER SANTA ANA VALLEY - RIVERSIDE-ARLINGTON,104.560862,13966
EEMETRIC,2025-05-01,8-002.06,8-002,UPPER SANTA ANA VALLEY,UPPER SANTA ANA VALLEY - SAN BERNARDINO,116.528996,15554
EEMETRIC,2025-05-01,8-002.08,8-002,UPPER SANTA ANA VALLEY,UPPER SANTA ANA VALLEY - SAN TIMOTEO,129.563103,4667
EEMETRIC,2025-05-01,8-002.09,8-002,UPPER SANTA ANA VALLEY,UPPER SANTA ANA VALLEY - TEMESCAL,93.666272,845
EEMETRIC,2025-05-01,8-002.07,8-002,UPPER SANTA ANA VALLEY,UPPER SANTA ANA VALLEY - YUCAIPA,138.248425,2858
EEMETRIC,2025-05-01,7-028,7-028,VALLECITO-CARRIZO VALLEY,VALLECITO-CARRIZO VALLEY,,0
EEMETRIC,2025-05-01,5-071,5-071,VALLECITOS CREEK VALLEY,VALLECITOS CREEK VALLEY,,0
EEMETRIC,2025-05-01,7-063,7-063,VANDEVENTER FLAT,VANDEVENTER FLAT,,0
EEMETRIC,2025-05-01,4-003.02,4-003,VENTURA RIVER VALLEY,VENTURA RIVER VALLEY - LOWER VENTURA RIVER,100.940711,1771
EEMETRIC,2025-05-01,4-003.01,4-003,VENTURA RIVER VALLEY,VENTURA RIVER VALLEY - UPPER VENTURA RIVER,100.678261,2300
EEMETRIC,2025-05-01,7-042,7-042,VIDAL VALLEY,VIDAL VALLEY,,0
EEMETRIC,2025-05-01,3-037,3-037,VILLA VALLEY,VILLA VALLEY,97.193208,854
EEMETRIC,2025-05-01,2-032,2-032,VISITACION VALLEY,VISITACION VALLEY,112.449438,178
EEMETRIC,2025-05-01,5-026,5-026,WALKER BASIN CREEK VALLEY,WALKER BASIN CREEK VALLEY,154.494755,6387
EEMETRIC,2025-05-01,7-003,7-003,WARD VALLEY,WARD VALLEY,,0
EEMETRIC,2025-05-01,9-008,9-008,WARNER VALLEY,WARNER VALLEY,106.93586,343
EEMETRIC,2025-05-01,7-012,7-012,WARREN VALLEY,WARREN VALLEY,112.353623,345
EEMETRIC,2025-05-01,1-031,1-031,WEOTT TOWN AREA,WEOTT TOWN AREA,111.938815,523
EEMETRIC,2025-05-01,7-022,7-022,WEST SALTON SEA,WEST SALTON SEA,,0
EEMETRIC,2025-05-01,3-026,3-026,WEST SANTA CRUZ TERRACE,WEST SANTA CRUZ TERRACE,88.012508,1599
EEMETRIC,2025-05-01,2-035,2-035,WESTSIDE,WESTSIDE,122.219549,3284
EEMETRIC,2025-05-01,6-073,6-073,WILD HORSE MESA AREA,WILD HORSE MESA AREA,,0
EEMETRIC,2025-05-01,6-075,6-075,WILDROSE CANYON,WILDROSE CANYON,,0
EEMETRIC,2025-05-01,1-043,1-043,WILLIAMS VALLEY,WILLIAMS VALLEY,109.057732,485
EEMETRIC,2025-05-01,6-003,6-003,WILLOW CREEK VALLEY,WILLOW CREEK VALLEY,131.118241,26463
EEMETRIC,2025-05-01,1-059,1-059,WILSON GROVE FORMATION HIGHLANDS,WILSON GROVE FORMATION HIGHLANDS,106.802507,70610
EEMETRIC,2025-05-01,1-062,1-062,WILSON POINT AREA,WILSON POINT AREA,107.666667,9
EEMETRIC,2025-05-01,6-019,6-019,WINGATE VALLEY,WINGATE VALLEY,,0
EEMETRIC,2025-05-01,7-056,7-056,YAQUI WELL AREA,YAQUI WELL AREA,,0
EEMETRIC,2025-05-01,5-056,5-056,YELLOW CREEK VALLEY,YELLOW CREEK VALLEY,111.754649,5861
EEMETRIC,2025-05-01,2-006,2-006,YGNACIO VALLEY,YGNACIO VALLEY,91.355556,405
EEMETRIC,2025-05-01,5-069,5-069,YOSEMITE VALLEY,YOSEMITE VALLEY,,0
EEMETRIC,2025-05-01,7-036,7-036,YUMA VALLEY,YUMA VALLEY,80.40584,66610
