Model,Date,Basin_Subb,Basin_Numb,Basin_Name,Basin_Su_1,ET,Pixel_Count
EEMETRIC,2015-03-01,4-005,4-005,ACTON VALLEY,ACTON VALLEY,20.038926,37173
EEMETRIC,2015-03-01,6-010,6-010,ADOBE LAKE VALLEY,ADOBE LAKE VALLEY,11.279685,179273
EEMETRIC,2015-03-01,1-054.01,1-054,ALEXANDER VALLEY,ALEXANDER VALLEY - ALEXANDER AREA,43.473692,110099
EEMETRIC,2015-03-01,1-054.02,1-054,ALEXANDER VALLEY,ALEXANDER VALLEY - CLOVERDALE AREA,39.663046,29366
EEMETRIC,2015-03-01,5-002.01,5-002,ALTURAS AREA,ALTURAS AREA - SOUTH FORK PITT RIVER,37.935944,513210
EEMETRIC,2015-03-01,5-002.02,5-002,ALTURAS AREA,ALTURAS AREA - WARM SPRINGS VALLEY,42.656412,305817
EEMETRIC,2015-03-01,5-010,5-010,AMERICAN VALLEY,AMERICAN VALLEY,84.742281,30572
EEMETRIC,2015-03-01,7-016,7-016,AMES VALLEY,AMES VALLEY,5.994142,487562
EEMETRIC,2015-03-01,7-034,7-034,AMOS VALLEY,AMOS VALLEY,3.609458,584286
EEMETRIC,2015-03-01,1-019,1-019,ANDERSON VALLEY,ANDERSON VALLEY,74.904364,22366
EEMETRIC,2015-03-01,1-049,1-049,ANNAPOLIS OHLSON RANCH FORMATION HIGHLANDS,ANNAPOLIS OHLSON RANCH FORMATION HIGHLANDS,59.923496,38900
EEMETRIC,2015-03-01,5-091,5-091,ANTELOPE CREEK,ANTELOPE CREEK,76.226485,9175
EEMETRIC,2015-03-01,6-044,6-044,ANTELOPE VALLEY,ANTELOPE VALLEY,15.129538,4540892
EEMETRIC,2015-03-01,6-007,6-007,ANTELOPE VALLEY,ANTELOPE VALLEY,40.411428,89741
EEMETRIC,2015-03-01,3-034,3-034,ARROYO DE LA CRUZ VALLEY,ARROYO DE LA CRUZ VALLEY,82.834262,3590
EEMETRIC,2015-03-01,2-031,2-031,ARROYO DEL HAMBRE VALLEY,ARROYO DEL HAMBRE VALLEY,54.865591,3534
EEMETRIC,2015-03-01,4-007,4-007,ARROYO SANTA ROSA VALLEY,ARROYO SANTA ROSA VALLEY,63.898957,17646
EEMETRIC,2015-03-01,7-037,7-037,ARROYO SECO VALLEY,ARROYO SECO VALLEY,4.028514,1152313
EEMETRIC,2015-03-01,5-054,5-054,ASH VALLEY,ASH VALLEY,47.693911,27015
EEMETRIC,2015-03-01,6-026,6-026,AVAWATZ VALLEY,AVAWATZ VALLEY,10.195674,124166
EEMETRIC,2015-03-01,3-020,3-020,A�O NUEVO AREA,A�O NUEVO AREA,83.212138,8980
EEMETRIC,2015-03-01,9-022,9-022,BATIQUITOS LAGOON VALLEY,BATIQUITOS LAGOON VALLEY,86.788242,3334
EEMETRIC,2015-03-01,8-009,8-009,BEAR VALLEY,BEAR VALLEY,62.712807,81231
EEMETRIC,2015-03-01,5-064,5-064,BEAR VALLEY,BEAR VALLEY,36.428421,40934
EEMETRIC,2015-03-01,5-020,5-020,BERRYESSA VALLEY,BERRYESSA VALLEY,84.23728,6191
EEMETRIC,2015-03-01,7-015,7-015,BESSEMER VALLEY,BESSEMER VALLEY,9.774799,175679
EEMETRIC,2015-03-01,6-025,6-025,BICYCLE VALLEY,BICYCLE VALLEY,11.76482,402232
EEMETRIC,2015-03-01,1-027,1-027,BIG LAGOON AREA,BIG LAGOON AREA,59.003358,57764
EEMETRIC,2015-03-01,8-007,8-007,BIG MEADOWS VALLEY,BIG MEADOWS VALLEY,51.642035,59408
EEMETRIC,2015-03-01,1-045,1-045,BIG RIVER VALLEY,BIG RIVER VALLEY,89.273411,7582
EEMETRIC,2015-03-01,3-047,3-047,BIG SPRING AREA,BIG SPRING AREA,15.424355,32897
EEMETRIC,2015-03-01,5-015,5-015,BIG VALLEY,BIG VALLEY,45.121745,108957
EEMETRIC,2015-03-01,5-004,5-004,BIG VALLEY,BIG VALLEY,55.98097,413987
EEMETRIC,2015-03-01,3-030,3-030,BITTER WATER VALLEY,BITTER WATER VALLEY,24.00381,144867
EEMETRIC,2015-03-01,6-013,6-013,BLACK SPRINGS VALLEY,BLACK SPRINGS VALLEY,1.482429,138327
EEMETRIC,2015-03-01,5-092,5-092,BLANCHARD VALLEY,BLANCHARD VALLEY,42.721733,9994
EEMETRIC,2015-03-01,1-057,1-057,BODEGA BAY AREA,BODEGA BAY AREA,59.963782,10133
EEMETRIC,2015-03-01,7-024.01,7-024,BORREGO VALLEY,BORREGO VALLEY - BORREGO SPRINGS,6.99949,282155
EEMETRIC,2015-03-01,7-024.02,7-024,BORREGO VALLEY,BORREGO VALLEY - OCOTILLO WELLS,2.00174,405078
EEMETRIC,2015-03-01,1-039,1-039,BRANSCOMB TOWN AREA,BRANSCOMB TOWN AREA,93.432995,6201
EEMETRIC,2015-03-01,1-017,1-017,BRAY TOWN AREA,BRAY TOWN AREA,63.282871,36119
EEMETRIC,2015-03-01,6-008,6-008,BRIDGEPORT VALLEY,BRIDGEPORT VALLEY,49.918728,146102
EEMETRIC,2015-03-01,7-008,7-008,BRISTOL VALLEY,BRISTOL VALLEY,4.56874,2234018
EEMETRIC,2015-03-01,5-080,5-080,BRITE VALLEY,BRITE VALLEY,33.008003,14244
EEMETRIC,2015-03-01,6-032,6-032,BROADWELL VALLEY,BROADWELL VALLEY,8.482058,413087
EEMETRIC,2015-03-01,6-076,6-076,BROWN MOUNTAIN VALLEY,BROWN MOUNTAIN VALLEY,3.074596,97673
EEMETRIC,2015-03-01,7-054,7-054,BUCK RIDGE FAULT VALLEY,BUCK RIDGE FAULT VALLEY,22.757755,31076
EEMETRIC,2015-03-01,6-101,6-101,BULL FLAT,BULL FLAT,21.255987,78457
EEMETRIC,2015-03-01,5-048,5-048,BURNEY CREEK VALLEY,BURNEY CREEK VALLEY,77.000851,10579
EEMETRIC,2015-03-01,5-017,5-017,BURNS VALLEY,BURNS VALLEY,49.325364,12924
EEMETRIC,2015-03-01,5-051,5-051,BUTTE CREEK VALLEY,BUTTE CREEK VALLEY,43.506442,14515
EEMETRIC,2015-03-01,1-003,1-003,BUTTE VALLEY,BUTTE VALLEY,48.488235,358135
EEMETRIC,2015-03-01,6-081,6-081,BUTTE VALLEY,BUTTE VALLEY,8.860489,39581
EEMETRIC,2015-03-01,6-070,6-070,CACTUS FLAT,CACTUS FLAT,0.608046,31593
EEMETRIC,2015-03-01,7-007,7-007,CADIZ VALLEY,CADIZ VALLEY,0.063947,1212271
EEMETRIC,2015-03-01,6-090,6-090,CADY FAULT AREA,CADY FAULT AREA,5.589069,35753
EEMETRIC,2015-03-01,9-006,9-006,CAHUILLA VALLEY,CAHUILLA VALLEY,51.733347,81848
EEMETRIC,2015-03-01,6-079,6-079,CALIFORNIA VALLEY,CALIFORNIA VALLEY,8.910771,261304
EEMETRIC,2015-03-01,7-041,7-041,CALZONA VALLEY,CALZONA VALLEY,1.281096,340869
EEMETRIC,2015-03-01,6-061,6-061,CAMEO AREA,CAMEO AREA,3.815496,41842
EEMETRIC,2015-03-01,9-028,9-028,CAMPO VALLEY,CAMPO VALLEY,71.991259,15902
EEMETRIC,2015-03-01,7-046,7-046,CANEBRAKE VALLEY,CANEBRAKE VALLEY,8.166516,24310
EEMETRIC,2015-03-01,3-007,3-007,CARMEL VALLEY,CARMEL VALLEY,69.77632,18978
EEMETRIC,2015-03-01,3-018,3-018,CARPINTERIA,CARPINTERIA,88.312691,33426
EEMETRIC,2015-03-01,3-019,3-019,CARRIZO PLAIN,CARRIZO PLAIN,25.26593,946637
EEMETRIC,2015-03-01,6-006,6-006,CARSON VALLEY,CARSON VALLEY,36.107389,44241
EEMETRIC,2015-03-01,5-029,5-029,CASTAC LAKE VALLEY,CASTAC LAKE VALLEY,48.646756,15134
EEMETRIC,2015-03-01,2-008,2-008,CASTRO VALLEY,CASTRO VALLEY,28.960576,8193
EEMETRIC,2015-03-01,6-038,6-038,CAVES CANYON VALLEY,CAVES CANYON VALLEY,6.425493,328088
EEMETRIC,2015-03-01,5-045,5-045,CAYTON VALLEY,CAYTON VALLEY,75.821757,5874
EEMETRIC,2015-03-01,3-038,3-038,CAYUCOS VALLEY,CAYUCOS VALLEY,56.891465,949
EEMETRIC,2015-03-01,7-043,7-043,CHEMEHUEVI VALLEY,CHEMEHUEVI VALLEY,1.649998,1221349
EEMETRIC,2015-03-01,7-032,7-032,CHOCOLATE VALLEY,CHOCOLATE VALLEY,2.387568,580540
EEMETRIC,2015-03-01,3-005,3-005,CHOLAME VALLEY,CHOLAME VALLEY,70.301173,179070
EEMETRIC,2015-03-01,3-042,3-042,CHORRO VALLEY,CHORRO VALLEY,77.672573,6377
EEMETRIC,2015-03-01,5-061,5-061,CHROME TOWN AREA,CHROME TOWN AREA,48.404799,6334
EEMETRIC,2015-03-01,7-005,7-005,CHUCKWALLA VALLEY,CHUCKWALLA VALLEY,1.306244,2704920
EEMETRIC,2015-03-01,2-005,2-005,CLAYTON VALLEY,CLAYTON VALLEY,49.190999,80257
EEMETRIC,2015-03-01,5-066,5-066,CLEAR LAKE CACHE FORMATION,CLEAR LAKE CACHE FORMATION,58.535989,133749
EEMETRIC,2015-03-01,5-058,5-058,CLOVER VALLEY,CLOVER VALLEY,58.425229,75444
EEMETRIC,2015-03-01,7-021.03,7-021,COACHELLA VALLEY,COACHELLA VALLEY - DESERT HOT SPRINGS,3.008173,453937
EEMETRIC,2015-03-01,7-021.01,7-021,COACHELLA VALLEY,COACHELLA VALLEY - INDIO,23.283381,1335980
EEMETRIC,2015-03-01,7-021.02,7-021,COACHELLA VALLEY,COACHELLA VALLEY - MISSION CREEK,4.669476,218335
EEMETRIC,2015-03-01,7-021.04,7-021,COACHELLA VALLEY,COACHELLA VALLEY - SAN GORGONIO PASS,37.778287,172710
EEMETRIC,2015-03-01,4-011.04,4-011,COASTAL PLAIN OF LOS ANGELES,COASTAL PLAIN OF LOS ANGELES - CENTRAL,30.038328,798867
EEMETRIC,2015-03-01,4-011.02,4-011,COASTAL PLAIN OF LOS ANGELES,COASTAL PLAIN OF LOS ANGELES - HOLLYWOOD,41.232271,45279
EEMETRIC,2015-03-01,4-011.01,4-011,COASTAL PLAIN OF LOS ANGELES,COASTAL PLAIN OF LOS ANGELES - SANTA MONICA,53.471994,135809
EEMETRIC,2015-03-01,4-011.03,4-011,COASTAL PLAIN OF LOS ANGELES,COASTAL PLAIN OF LOS ANGELES - WEST COAST,29.455383,399811
EEMETRIC,2015-03-01,8-001,8-001,COASTAL PLAIN OF ORANGE COUNTY,COASTAL PLAIN OF ORANGE COUNTY,37.533934,999376
EEMETRIC,2015-03-01,9-033,9-033,COASTAL PLAIN OF SAN DIEGO,COASTAL PLAIN OF SAN DIEGO,55.021707,240748
EEMETRIC,2015-03-01,6-072,6-072,COLES FLAT,COLES FLAT,4.330338,13244
EEMETRIC,2015-03-01,5-019,5-019,COLLAYOMI VALLEY,COLLAYOMI VALLEY,52.373666,29240
EEMETRIC,2015-03-01,7-055,7-055,COLLINS VALLEY,COLLINS VALLEY,6.570281,31751
EEMETRIC,2015-03-01,4-010,4-010,CONEJO,CONEJO,45.660497,84503
EEMETRIC,2015-03-01,7-011,7-011,COPPER MOUNTAIN VALLEY,COPPER MOUNTAIN VALLEY,6.156234,136155
EEMETRIC,2015-03-01,3-002.01,3-002,CORRALITOS,CORRALITOS - PAJARO VALLEY,68.54132,332288
EEMETRIC,2015-03-01,3-002.02,3-002,CORRALITOS,CORRALITOS - PURISIMA HIGHLANDS,60.201414,58134
EEMETRIC,2015-03-01,6-055,6-055,COSO VALLEY,COSO VALLEY,0.769501,114929
EEMETRIC,2015-03-01,1-037,1-037,COTTONEVA CREEK VALLEY,COTTONEVA CREEK VALLEY,84.911816,3436
EEMETRIC,2015-03-01,9-027,9-027,COTTONWOOD VALLEY,COTTONWOOD VALLEY,66.063202,17262
EEMETRIC,2015-03-01,1-011,1-011,COVELO ROUND VALLEY,COVELO ROUND VALLEY,81.711419,73792
EEMETRIC,2015-03-01,6-091,6-091,COW HEAD LAKE VALLEY,COW HEAD LAKE VALLEY,65.448054,25180
EEMETRIC,2015-03-01,6-037,6-037,COYOTE LAKE VALLEY,COYOTE LAKE VALLEY,4.44896,396167
EEMETRIC,2015-03-01,5-018,5-018,COYOTE VALLEY,COYOTE VALLEY,46.948351,29352
EEMETRIC,2015-03-01,7-029,7-029,COYOTE WELLS VALLEY,COYOTE WELLS VALLEY,0.518817,648410
EEMETRIC,2015-03-01,6-035,6-035,CRONISE VALLEY,CRONISE VALLEY,6.521013,567907
EEMETRIC,2015-03-01,6-050,6-050,CUDDEBACK VALLEY,CUDDEBACK VALLEY,6.930664,426688
EEMETRIC,2015-03-01,5-082,5-082,CUDDY CANYON VALLEY,CUDDY CANYON VALLEY,32.251263,14248
EEMETRIC,2015-03-01,5-083,5-083,CUDDY RANCH AREA,CUDDY RANCH AREA,41.828256,18906
EEMETRIC,2015-03-01,5-084,5-084,CUDDY VALLEY,CUDDY VALLEY,43.824987,15576
EEMETRIC,2015-03-01,5-027,5-027,CUMMINGS VALLEY,CUMMINGS VALLEY,45.953425,41911
EEMETRIC,2015-03-01,3-013,3-013,CUYAMA VALLEY,CUYAMA VALLEY,33.992778,1086945
EEMETRIC,2015-03-01,7-009,7-009,DALE VALLEY,DALE VALLEY,5.313537,954848
EEMETRIC,2015-03-01,6-057,6-057,DARWIN VALLEY,DARWIN VALLEY,3.95494,198536
EEMETRIC,2015-03-01,7-061,7-061,DAVIES VALLEY,DAVIES VALLEY,1.258315,15214
EEMETRIC,2015-03-01,7-013.01,7-013,DEADMAN VALLEY,DEADMAN VALLEY - DEADMAN LAKE,10.132642,400249
EEMETRIC,2015-03-01,7-013.02,7-013,DEADMAN VALLEY,DEADMAN VALLEY - SURPRISE SPRING,2.165049,131543
EEMETRIC,2015-03-01,6-018,6-018,DEATH VALLEY,DEATH VALLEY,2.179867,4133615
EEMETRIC,2015-03-01,6-015,6-015,DEEP SPRINGS VALLEY,DEEP SPRINGS VALLEY,13.889613,134536
EEMETRIC,2015-03-01,6-078,6-078,DENNING SPRING VALLEY,DENNING SPRING VALLEY,5.487716,32521
EEMETRIC,2015-03-01,1-034,1-034,DINSMORES TOWN AREA,DINSMORES TOWN AREA,60.224022,10249
EEMETRIC,2015-03-01,5-053,5-053,DIXIE VALLEY,DIXIE VALLEY,61.680499,21881
EEMETRIC,2015-03-01,2-040,2-040,DOWNTOWN,DOWNTOWN,23.108992,34296
EEMETRIC,2015-03-01,5-049,5-049,DRY BURNEY CREEK VALLEY,DRY BURNEY CREEK VALLEY,87.900413,13817
EEMETRIC,2015-03-01,3-029,3-029,DRY LAKE VALLEY,DRY LAKE VALLEY,41.834591,6360
EEMETRIC,2015-03-01,6-095,6-095,DRY VALLEY,DRY VALLEY,21.227573,29217
EEMETRIC,2015-03-01,6-096,6-096,EAGLE LAKE AREA,EAGLE LAKE AREA,65.549983,57089
EEMETRIC,2015-03-01,7-033,7-033,EAST SALTON SEA,EAST SALTON SEA,3.302309,876191
EEMETRIC,2015-03-01,1-044,1-044,EDEN VALLEY,EDEN VALLEY,57.535109,6195
EEMETRIC,2015-03-01,1-010,1-010,EEL RIVER VALLEY,EEL RIVER VALLEY,71.937136,309828
EEMETRIC,2015-03-01,5-041,5-041,EGG LAKE VALLEY,EGG LAKE VALLEY,66.71314,18448
EEMETRIC,2015-03-01,9-016,9-016,EL CAJON VALLEY,EL CAJON VALLEY,40.066418,32160
EEMETRIC,2015-03-01,6-043,6-043,EL MIRAGE VALLEY,EL MIRAGE VALLEY,9.705265,341252
EEMETRIC,2015-03-01,5-062,5-062,ELK CREEK AREA,ELK CREEK AREA,49.737257,6474
EEMETRIC,2015-03-01,8-004.02,8-004,ELSINORE,ELSINORE - BEDFORD-COLDWATER,40.637837,31599
EEMETRIC,2015-03-01,8-004.01,8-004,ELSINORE,ELSINORE - ELSINORE VALLEY,38.372455,106147
EEMETRIC,2015-03-01,9-009,9-009,ESCONDIDO VALLEY,ESCONDIDO VALLEY,38.185397,12956
EEMETRIC,2015-03-01,1-009,1-009,EUREKA PLAIN,EUREKA PLAIN,68.958492,155680
EEMETRIC,2015-03-01,6-016,6-016,EUREKA VALLEY,EUREKA VALLEY,6.645075,578979
EEMETRIC,2015-03-01,1-022,1-022,FAIRCHILD SWAMP VALLEY,FAIRCHILD SWAMP VALLEY,43.594191,14736
EEMETRIC,2015-03-01,5-005,5-005,FALL RIVER VALLEY,FALL RIVER VALLEY,67.949567,246566
EEMETRIC,2015-03-01,7-002,7-002,FENNER VALLEY,FENNER VALLEY,0.447704,2034583
EEMETRIC,2015-03-01,6-014,6-014,FISH LAKE VALLEY,FISH LAKE VALLEY,22.452698,206078
EEMETRIC,2015-03-01,3-053,3-053,FOOTHILL,FOOTHILL,76.736675,14765
EEMETRIC,2015-03-01,1-021,1-021,FORT BRAGG TERRACE AREA,FORT BRAGG TERRACE AREA,87.377931,97269
EEMETRIC,2015-03-01,1-061,1-061,FORT ROSS TERRACE DEPOSITS,FORT ROSS TERRACE DEPOSITS,85.200054,29547
EEMETRIC,2015-03-01,6-046,6-046,FREMONT VALLEY,FREMONT VALLEY,8.565672,1506313
EEMETRIC,2015-03-01,5-090,5-090,FUNKS CREEK,FUNKS CREEK,92.284356,13564
EEMETRIC,2015-03-01,1-032,1-032,GARBERVILLE TOWN AREA,GARBERVILLE TOWN AREA,87.359023,9498
EEMETRIC,2015-03-01,1-020,1-020,GARCIA RIVER VALLEY,GARCIA RIVER VALLEY,72.865922,8868
EEMETRIC,2015-03-01,3-003.01,3-003,GILROY-HOLLISTER VALLEY,GILROY-HOLLISTER VALLEY - LLAGAS AREA,59.312027,212796
EEMETRIC,2015-03-01,3-003.05,3-003,GILROY-HOLLISTER VALLEY,GILROY-HOLLISTER VALLEY - NORTH SAN BENITO,55.168799,589157
EEMETRIC,2015-03-01,6-085,6-085,GOLD VALLEY,GOLD VALLEY,5.820726,14436
EEMETRIC,2015-03-01,6-048,6-048,GOLDSTONE VALLEY,GOLDSTONE VALLEY,12.541071,126294
EEMETRIC,2015-03-01,3-016,3-016,GOLETA,GOLETA,63.538055,41440
EEMETRIC,2015-03-01,5-001.02,5-001,GOOSE LAKE,GOOSE LAKE - FANDANGO VALLEY,56.726975,82919
EEMETRIC,2015-03-01,5-001.01,5-001,GOOSE LAKE,GOOSE LAKE - GOOSE VALLEY,56.274105,161679
EEMETRIC,2015-03-01,5-047,5-047,GOOSE VALLEY,GOOSE VALLEY,80.850377,18941
EEMETRIC,2015-03-01,6-077,6-077,GRASS VALLEY,GRASS VALLEY,9.942114,44881
EEMETRIC,2015-03-01,6-094,6-094,GRASSHOPPER VALLEY,GRASSHOPPER VALLEY,31.20926,79418
EEMETRIC,2015-03-01,1-048,1-048,GRAVELLY VALLEY,GRAVELLY VALLEY,75.448072,13384
EEMETRIC,2015-03-01,5-052,5-052,GRAYS VALLEY,GRAYS VALLEY,56.671804,24461
EEMETRIC,2015-03-01,6-084,6-084,GREENWATER VALLEY,GREENWATER VALLEY,15.004748,268934
EEMETRIC,2015-03-01,5-059,5-059,GRIZZLY VALLEY,GRIZZLY VALLEY,58.808311,60426
EEMETRIC,2015-03-01,2-022,2-022,HALF MOON BAY TERRACE,HALF MOON BAY TERRACE,59.501796,36473
EEMETRIC,2015-03-01,1-015,1-015,HAPPY CAMP TOWN AREA,HAPPY CAMP TOWN AREA,62.603401,12466
EEMETRIC,2015-03-01,6-047,6-047,HARPER VALLEY,HARPER VALLEY,5.554308,1841343
EEMETRIC,2015-03-01,6-074,6-074,HARRISBURG FLATS,HARRISBURG FLATS,14.767422,112083
EEMETRIC,2015-03-01,6-093,6-093,HARVEY VALLEY,HARVEY VALLEY,48.429347,20254
EEMETRIC,2015-03-01,1-006,1-006,HAYFORK VALLEY,HAYFORK VALLEY,75.952121,14829
EEMETRIC,2015-03-01,7-048,7-048,HELENDALE FAULT VALLEY,HELENDALE FAULT VALLEY,38.011718,11777
EEMETRIC,2015-03-01,8-006,8-006,HEMET LAKE VALLEY,HEMET LAKE VALLEY,62.777578,74988
EEMETRIC,2015-03-01,3-031,3-031,HERNANDEZ VALLEY,HERNANDEZ VALLEY,54.906689,12871
EEMETRIC,2015-03-01,1-036,1-036,HETTENSHAW VALLEY,HETTENSHAW VALLEY,66.453901,3807
EEMETRIC,2015-03-01,7-053,7-053,HEXIE MOUNTAIN AREA,HEXIE MOUNTAIN AREA,8.281881,50053
EEMETRIC,2015-03-01,6-063,6-063,HIDDEN VALLEY,HIDDEN VALLEY,5.031847,80667
EEMETRIC,2015-03-01,4-016,4-016,HIDDEN VALLEY,HIDDEN VALLEY,59.216124,9948
EEMETRIC,2015-03-01,5-016,5-016,HIGH VALLEY,HIGH VALLEY,59.276126,10593
EEMETRIC,2015-03-01,6-004,6-004,HONEY LAKE VALLEY,HONEY LAKE VALLEY,30.029283,1394546
EEMETRIC,2015-03-01,1-029,1-029,HONEYDEW TOWN AREA,HONEYDEW TOWN AREA,72.544329,10659
EEMETRIC,2015-03-01,1-007,1-007,HOOPA VALLEY,HOOPA VALLEY,75.538852,17528
EEMETRIC,2015-03-01,6-097,6-097,HORSE LAKE VALLEY,HORSE LAKE VALLEY,49.422873,17199
EEMETRIC,2015-03-01,5-040,5-040,HOT SPRINGS VALLEY,HOT SPRINGS VALLEY,56.211475,10824
EEMETRIC,2015-03-01,3-045,3-045,HUASNA VALLEY,HUASNA VALLEY,54.378304,21147
EEMETRIC,2015-03-01,5-060,5-060,HUMBUG VALLEY,HUMBUG VALLEY,66.230182,44834
EEMETRIC,2015-03-01,4-018,4-018,HUNGRY VALLEY,HUNGRY VALLEY,43.265476,23859
EEMETRIC,2015-03-01,1-035,1-035,HYAMPOM VALLEY,HYAMPOM VALLEY,69.199311,6096
EEMETRIC,2015-03-01,7-030,7-030,IMPERIAL VALLEY,IMPERIAL VALLEY,44.259112,4262500
EEMETRIC,2015-03-01,5-009,5-009,INDIAN VALLEY,INDIAN VALLEY,81.684712,132073
EEMETRIC,2015-03-01,6-054,6-054,INDIAN WELLS VALLEY,INDIAN WELLS VALLEY,4.673181,1716255
EEMETRIC,2015-03-01,7-050,7-050,IRON RIDGE AREA,IRON RIDGE AREA,14.860882,23570
EEMETRIC,2015-03-01,2-033,2-033,ISLAIS VALLEY,ISLAIS VALLEY,28.245272,26701
EEMETRIC,2015-03-01,6-030,6-030,IVANPAH VALLEY,IVANPAH VALLEY,3.1771,879860
EEMETRIC,2015-03-01,7-047,7-047,JACUMBA VALLEY,JACUMBA VALLEY,20.761777,8979
EEMETRIC,2015-03-01,5-003,5-003,JESS VALLEY,JESS VALLEY,51.835871,30147
EEMETRIC,2015-03-01,7-018.01,7-018,JOHNSON VALLEY,JOHNSON VALLEY - SOGGY LAKE,3.097369,346919
EEMETRIC,2015-03-01,7-018.02,7-018,JOHNSON VALLEY,JOHNSON VALLEY - UPPER JOHNSON VALLEY,2.59721,156367
EEMETRIC,2015-03-01,5-086,5-086,JOSEPH CREEK,JOSEPH CREEK,71.555755,20034
EEMETRIC,2015-03-01,7-062,7-062,JOSHUA TREE,JOSHUA TREE,3.580251,150378
EEMETRIC,2015-03-01,6-089,6-089,KANE WASH AREA,KANE WASH AREA,10.453822,26755
EEMETRIC,2015-03-01,6-069,6-069,KELSO LANDER VALLEY,KELSO LANDER VALLEY,17.014345,50191
EEMETRIC,2015-03-01,6-031,6-031,KELSO VALLEY,KELSO VALLEY,6.791091,1145203
EEMETRIC,2015-03-01,2-019,2-019,KENWOOD VALLEY,KENWOOD VALLEY,43.734788,23106
EEMETRIC,2015-03-01,5-025,5-025,KERN RIVER VALLEY,KERN RIVER VALLEY,32.124983,356993
EEMETRIC,2015-03-01,1-002.02,1-002,KLAMATH RIVER VALLEY,KLAMATH RIVER VALLEY - LOWER KLAMATH,45.907404,337208
EEMETRIC,2015-03-01,1-002.01,1-002,KLAMATH RIVER VALLEY,KLAMATH RIVER VALLEY - TULELAKE,37.459551,496979
EEMETRIC,2015-03-01,1-050,1-050,KNIGHTS VALLEY,KNIGHTS VALLEY,43.304246,18393
EEMETRIC,2015-03-01,5-007,5-007,LAKE ALMANOR VALLEY,LAKE ALMANOR VALLEY,69.308525,32166
EEMETRIC,2015-03-01,5-046,5-046,LAKE BRITTON AREA,LAKE BRITTON AREA,51.228041,63221
EEMETRIC,2015-03-01,7-001,7-001,LANFAIR VALLEY,LANFAIR VALLEY,6.424911,703571
EEMETRIC,2015-03-01,6-036.02,6-036,LANGFORD VALLEY,LANGFORD VALLEY - IRWIN,7.50261,47132
EEMETRIC,2015-03-01,6-036.01,6-036,LANGFORD VALLEY,LANGFORD VALLEY - LANGFORD WELL LAKE,5.130828,86847
EEMETRIC,2015-03-01,1-033,1-033,LARABEE VALLEY,LARABEE VALLEY,64.300783,4342
EEMETRIC,2015-03-01,4-008,4-008,LAS POSAS VALLEY,LAS POSAS VALLEY,70.141441,200649
EEMETRIC,2015-03-01,5-057,5-057,LAST CHANCE CREEK VALLEY,LAST CHANCE CREEK VALLEY,60.103681,20920
EEMETRIC,2015-03-01,7-014,7-014,LAVIC VALLEY,LAVIC VALLEY,15.170333,459882
EEMETRIC,2015-03-01,1-012,1-012,LAYTONVILLE VALLEY,LAYTONVILLE VALLEY,89.608969,22589
EEMETRIC,2015-03-01,6-027,6-027,LEACH VALLEY,LEACH VALLEY,3.751466,275049
EEMETRIC,2015-03-01,6-066,6-066,LEE FLAT,LEE FLAT,6.339743,91213
EEMETRIC,2015-03-01,6-106,6-106,LITTLE ANTELOPE VALLEY,LITTLE ANTELOPE VALLEY,22.354124,11191
EEMETRIC,2015-03-01,5-065,5-065,LITTLE INDIAN VALLEY,LITTLE INDIAN VALLEY,50.009813,5707
EEMETRIC,2015-03-01,1-013,1-013,LITTLE LAKE VALLEY,LITTLE LAKE VALLEY,83.201269,45074
EEMETRIC,2015-03-01,1-041,1-041,LITTLE VALLEY,LITTLE VALLEY,93.423803,3655
EEMETRIC,2015-03-01,2-010,2-010,LIVERMORE VALLEY,LIVERMORE VALLEY,52.844375,312636
EEMETRIC,2015-03-01,2-038,2-038,LOBOS,LOBOS,43.877603,10613
EEMETRIC,2015-03-01,3-006,3-006,LOCKWOOD VALLEY,LOCKWOOD VALLEY,84.383472,269355
EEMETRIC,2015-03-01,4-017,4-017,LOCKWOOD VALLEY,LOCKWOOD VALLEY,32.599212,97987
EEMETRIC,2015-03-01,6-011,6-011,LONG VALLEY,LONG VALLEY,34.853006,322973
EEMETRIC,2015-03-01,5-044,5-044,LONG VALLEY,LONG VALLEY,56.685989,4882
EEMETRIC,2015-03-01,6-104,6-104,LONG VALLEY,LONG VALLEY,23.127212,210294
EEMETRIC,2015-03-01,5-031,5-031,LONG VALLEY,LONG VALLEY,40.725795,12611
EEMETRIC,2015-03-01,5-070,5-070,LOS BANOS CREEK VALLEY,LOS BANOS CREEK VALLEY,20.345135,21748
EEMETRIC,2015-03-01,3-008.01,3-008,LOS OSOS VALLEY,LOS OSOS VALLEY - LOS OSOS AREA,57.511257,19010
EEMETRIC,2015-03-01,3-008.02,3-008,LOS OSOS VALLEY,LOS OSOS VALLEY - WARDEN CREEK,67.989411,7933
EEMETRIC,2015-03-01,7-051,7-051,LOST HORSE VALLEY,LOST HORSE VALLEY,9.18396,77794
EEMETRIC,2015-03-01,6-071,6-071,LOST LAKE VALLEY,LOST LAKE VALLEY,11.979977,104530
EEMETRIC,2015-03-01,6-021,6-021,LOWER KINGSTON VALLEY,LOWER KINGSTON VALLEY,5.082525,1078042
EEMETRIC,2015-03-01,1-014,1-014,LOWER KLAMATH RIVER VALLEY,LOWER KLAMATH RIVER VALLEY,70.592929,31309
EEMETRIC,2015-03-01,5-030,5-030,LOWER LAKE VALLEY,LOWER LAKE VALLEY,53.984089,10810
EEMETRIC,2015-03-01,1-038,1-038,LOWER LAYTONVILLE VALLEY,LOWER LAYTONVILLE VALLEY,96.309361,9678
EEMETRIC,2015-03-01,6-040,6-040,LOWER MOJAVE RIVER VALLEY,LOWER MOJAVE RIVER VALLEY,8.411919,1283443
EEMETRIC,2015-03-01,1-060,1-060,LOWER RUSSIAN RIVER VALLEY,LOWER RUSSIAN RIVER VALLEY,66.944658,29887
EEMETRIC,2015-03-01,7-019,7-019,LUCERNE VALLEY,LUCERNE VALLEY,4.601046,660766
EEMETRIC,2015-03-01,1-008.02,1-008,MAD RIVER VALLEY,MAD RIVER VALLEY - DOWS PRAIRIE SCHOOL AREA,72.85811,68074
EEMETRIC,2015-03-01,1-008.01,1-008,MAD RIVER VALLEY,MAD RIVER VALLEY - MAD RIVER LOWLAND,68.48255,106503
EEMETRIC,2015-03-01,6-002,6-002,MADELINE PLAINS,MADELINE PLAINS,25.46411,701902
EEMETRIC,2015-03-01,3-051,3-051,MAJORS CREEK,MAJORS CREEK,76.639432,1689
EEMETRIC,2015-03-01,4-022,4-022,MALIBU VALLEY,MALIBU VALLEY,96.285056,2603
EEMETRIC,2015-03-01,6-064,6-064,MARBLE CANYON AREA,MARBLE CANYON AREA,2.497124,46600
EEMETRIC,2015-03-01,2-039,2-039,MARINA,MARINA,39.949878,9836
EEMETRIC,2015-03-01,6-067,6-067,MARTIS VALLEY,MARTIS VALLEY,73.409851,161683
EEMETRIC,2015-03-01,7-059,7-059,MASON VALLEY,MASON VALLEY,10.091466,24829
EEMETRIC,2015-03-01,1-028,1-028,MATTOLE RIVER VALLEY,MATTOLE RIVER VALLEY,64.913875,13968
EEMETRIC,2015-03-01,5-035,5-035,MCCLOUD AREA,MCCLOUD AREA,81.22066,95917
EEMETRIC,2015-03-01,5-095,5-095,MEADOW VALLEY,MEADOW VALLEY,106.239848,25783
EEMETRIC,2015-03-01,7-017,7-017,MEANS VALLEY,MEANS VALLEY,1.728923,67158
EEMETRIC,2015-03-01,6-029,6-029,MESQUITE VALLEY,MESQUITE VALLEY,11.795677,384627
EEMETRIC,2015-03-01,6-020,6-020,MIDDLE AMARGOSA VALLEY,MIDDLE AMARGOSA VALLEY,10.800748,1739930
EEMETRIC,2015-03-01,5-094,5-094,MIDDLE CREEK,MIDDLE CREEK,43.417139,3174
EEMETRIC,2015-03-01,5-087,5-087,MIDDLE FORK FEATHER RIVER,MIDDLE FORK FEATHER RIVER,68.461633,19509
EEMETRIC,2015-03-01,6-041,6-041,MIDDLE MOJAVE RIVER VALLEY,MIDDLE MOJAVE RIVER VALLEY,5.489755,949636
EEMETRIC,2015-03-01,6-080,6-080,MIDDLE PARK CANYON,MIDDLE PARK CANYON,17.967186,7832
EEMETRIC,2015-03-01,5-085,5-085,MIL POTRERO AREA,MIL POTRERO AREA,52.15395,10380
EEMETRIC,2015-03-01,9-014,9-014,MISSION VALLEY,MISSION VALLEY,54.738053,31117
EEMETRIC,2015-03-01,5-011,5-011,MOHAWK VALLEY,MOHAWK VALLEY,88.126378,85339
EEMETRIC,2015-03-01,6-009,6-009,MONO VALLEY,MONO VALLEY,23.676326,769391
EEMETRIC,2015-03-01,3-049,3-049,MONTECITO,MONTECITO,111.671293,27307
EEMETRIC,2015-03-01,7-020,7-020,MORONGO VALLEY,MORONGO VALLEY,15.717319,32496
EEMETRIC,2015-03-01,3-041,3-041,MORRO VALLEY,MORRO VALLEY,78.7264,2500
EEMETRIC,2015-03-01,5-008,5-008,MOUNTAIN MEADOWS VALLEY,MOUNTAIN MEADOWS VALLEY,70.586458,36613
EEMETRIC,2015-03-01,1-056,1-056,McDOWELL VALLEY,McDOWELL VALLEY,60.632357,6694
EEMETRIC,2015-03-01,2-002.01,2-002,NAPA-SONOMA VALLEY,NAPA-SONOMA VALLEY - NAPA VALLEY,36.38715,206535
EEMETRIC,2015-03-01,2-002.03,2-002,NAPA-SONOMA VALLEY,NAPA-SONOMA VALLEY - NAPA-SONOMA LOWLANDS,55.9198,181196
EEMETRIC,2015-03-01,2-002.02,2-002,NAPA-SONOMA VALLEY,NAPA-SONOMA VALLEY - SONOMA VALLEY,57.25239,201644
EEMETRIC,2015-03-01,1-046,1-046,NAVARRO RIVER VALLEY,NAVARRO RIVER VALLEY,73.869201,3104
EEMETRIC,2015-03-01,3-052,3-052,NEEDLE ROCK POINT,NEEDLE ROCK POINT,71.363161,3062
EEMETRIC,2015-03-01,7-044,7-044,NEEDLES VALLEY,NEEDLES VALLEY,5.818193,384540
EEMETRIC,2015-03-01,5-050,5-050,NORTH FORK BATTLE CREEK,NORTH FORK BATTLE CREEK,56.970955,57394
EEMETRIC,2015-03-01,2-030,2-030,NOVATO VALLEY,NOVATO VALLEY,57.767446,92327
EEMETRIC,2015-03-01,7-025,7-025,OCOTILLO-CLARK VALLEY,OCOTILLO-CLARK VALLEY,6.420753,999472
EEMETRIC,2015-03-01,7-035,7-035,OGILBY VALLEY,OGILBY VALLEY,5.021958,592043
EEMETRIC,2015-03-01,4-002,4-002,OJAI VALLEY,OJAI VALLEY,78.287272,26588
EEMETRIC,2015-03-01,3-039,3-039,OLD VALLEY,OLD VALLEY,68.194527,5043
EEMETRIC,2015-03-01,6-108,6-108,OLYMPIC VALLEY,OLYMPIC VALLEY,51.706449,3117
EEMETRIC,2015-03-01,7-031,7-031,OROCOPIA VALLEY,OROCOPIA VALLEY,1.094143,432652
EEMETRIC,2015-03-01,6-012.02,6-012,OWENS VALLEY,OWENS VALLEY - FISH SLOUGH,17.038419,14498
EEMETRIC,2015-03-01,6-012.01,6-012,OWENS VALLEY,OWENS VALLEY - OWENS VALLEY,11.515443,2963009
EEMETRIC,2015-03-01,6-088,6-088,OWL LAKE VALLEY,OWL LAKE VALLEY,5.319777,100004
EEMETRIC,2015-03-01,6-028,6-028,PAHRUMP VALLEY,PAHRUMP VALLEY,10.143827,407322
EEMETRIC,2015-03-01,6-099,6-099,PAINTERS FLAT,PAINTERS FLAT,26.573329,28113
EEMETRIC,2015-03-01,7-039,7-039,PALO VERDE MESA,PALO VERDE MESA,16.079336,1011292
EEMETRIC,2015-03-01,7-038,7-038,PALO VERDE VALLEY,PALO VERDE VALLEY,84.861451,302116
EEMETRIC,2015-03-01,9-024,9-024,PAMO VALLEY,PAMO VALLEY,81.71608,6766
EEMETRIC,2015-03-01,6-058,6-058,PANAMINT VALLEY,PANAMINT VALLEY,2.02891,1165899
EEMETRIC,2015-03-01,5-023,5-023,PANOCHE VALLEY,PANOCHE VALLEY,1.323525,148758
EEMETRIC,2015-03-01,3-032,3-032,PEACH TREE VALLEY,PEACH TREE VALLEY,70.357737,44038
EEMETRIC,2015-03-01,1-030,1-030,PEPPERWOOD TOWN AREA,PEPPERWOOD TOWN AREA,72.01539,28266
EEMETRIC,2015-03-01,2-026,2-026,PESCADERO VALLEY,PESCADERO VALLEY,68.539918,12939
EEMETRIC,2015-03-01,2-001,2-001,PETALUMA VALLEY,PETALUMA VALLEY,69.575795,209830
EEMETRIC,2015-03-01,6-051,6-051,PILOT KNOB VALLEY,PILOT KNOB VALLEY,6.006235,623272
EEMETRIC,2015-03-01,6-092,6-092,PINE CREEK VALLEY,PINE CREEK VALLEY,54.736478,42839
EEMETRIC,2015-03-01,7-006,7-006,PINTO VALLEY,PINTO VALLEY,1.887474,820302
EEMETRIC,2015-03-01,7-049,7-049,PIPES CANYON FAULT VALLEY,PIPES CANYON FAULT VALLEY,29.900217,15213
EEMETRIC,2015-03-01,2-004,2-004,PITTSBURG PLAIN,PITTSBURG PLAIN,39.238282,52228
EEMETRIC,2015-03-01,7-045,7-045,PIUTE VALLEY,PIUTE VALLEY,1.441448,782230
EEMETRIC,2015-03-01,7-052,7-052,PLEASANT VALLEY,PLEASANT VALLEY,5.368677,43336
EEMETRIC,2015-03-01,4-006,4-006,PLEASANT VALLEY,PLEASANT VALLEY,62.67905,89204
EEMETRIC,2015-03-01,5-038,5-038,PONDOSA TOWN AREA,PONDOSA TOWN AREA,81.220844,9355
EEMETRIC,2015-03-01,5-068,5-068,POPE VALLEY,POPE VALLEY,49.446229,32313
EEMETRIC,2015-03-01,9-029,9-029,POTRERO VALLEY,POTRERO VALLEY,67.941649,9083
EEMETRIC,2015-03-01,1-051,1-051,POTTER VALLEY,POTTER VALLEY,75.368138,37054
EEMETRIC,2015-03-01,9-013,9-013,POWAY VALLEY,POWAY VALLEY,55.668321,11080
EEMETRIC,2015-03-01,3-044,3-044,POZO VALLEY,POZO VALLEY,65.853365,30784
EEMETRIC,2015-03-01,1-025,1-025,PRAIRIE CREEK AREA,PRAIRIE CREEK AREA,61.961568,91097
EEMETRIC,2015-03-01,7-040,7-040,QUIEN SABE POINT VALLEY,QUIEN SABE POINT VALLEY,3.942976,99694
EEMETRIC,2015-03-01,3-024,3-024,QUIEN SABE VALLEY,QUIEN SABE VALLEY,39.241959,21173
EEMETRIC,2015-03-01,6-062,6-062,RACE TRACK VALLEY,RACE TRACK VALLEY,5.11816,63448
EEMETRIC,2015-03-01,3-046,3-046,RAFAEL VALLEY,RAFAEL VALLEY,27.064233,13451
EEMETRIC,2015-03-01,9-025,9-025,RANCHITA TOWN AREA,RANCHITA TOWN AREA,51.489025,14032
EEMETRIC,2015-03-01,4-023,4-023,RAYMOND,RAYMOND,67.43762,117113
EEMETRIC,2015-03-01,6-024,6-024,RED PASS VALLEY,RED PASS VALLEY,8.683245,433105
EEMETRIC,2015-03-01,1-018,1-018,RED ROCK VALLEY,RED ROCK VALLEY,53.16609,40478
EEMETRIC,2015-03-01,5-006.03,5-006,REDDING AREA,REDDING AREA - ANDERSON,69.938283,443787
EEMETRIC,2015-03-01,5-006.01,5-006,REDDING AREA,REDDING AREA - BOWMAN,61.774485,550983
EEMETRIC,2015-03-01,5-006.04,5-006,REDDING AREA,REDDING AREA - ENTERPRISE,59.175613,275589
EEMETRIC,2015-03-01,5-006.05,5-006,REDDING AREA,REDDING AREA - MILLVILLE,57.087501,295058
EEMETRIC,2015-03-01,5-006.06,5-006,REDDING AREA,REDDING AREA - SOUTH BATTLE CREEK,39.377075,151596
EEMETRIC,2015-03-01,1-026,1-026,REDWOOD CREEK AREA,REDWOOD CREEK AREA,75.751087,8971
EEMETRIC,2015-03-01,6-086,6-086,RHODES HILL AREA,RHODES HILL AREA,3.250781,70069
EEMETRIC,2015-03-01,7-004,7-004,RICE VALLEY,RICE VALLEY,0.6315,841014
EEMETRIC,2015-03-01,6-023,6-023,RIGGS VALLEY,RIGGS VALLEY,5.861918,393528
EEMETRIC,2015-03-01,3-043,3-043,RINCONADA VALLEY,RINCONADA VALLEY,92.023312,11582
EEMETRIC,2015-03-01,5-043,5-043,ROCK PRAIRIE VALLEY,ROCK PRAIRIE VALLEY,46.137022,25806
EEMETRIC,2015-03-01,6-056,6-056,ROSE VALLEY,ROSE VALLEY,0.922623,191219
EEMETRIC,2015-03-01,2-028,2-028,ROSS VALLEY,ROSS VALLEY,43.236948,7930
EEMETRIC,2015-03-01,5-036,5-036,ROUND VALLEY,ROUND VALLEY,61.199026,32664
EEMETRIC,2015-03-01,4-020,4-020,RUSSELL VALLEY,RUSSELL VALLEY,43.317071,13836
EEMETRIC,2015-03-01,5-021.54,5-021,SACRAMENTO VALLEY,SACRAMENTO VALLEY - ANTELOPE,50.846931,85850
EEMETRIC,2015-03-01,5-021.53,5-021,SACRAMENTO VALLEY,SACRAMENTO VALLEY - BEND,43.387765,101956
EEMETRIC,2015-03-01,5-021.70,5-021,SACRAMENTO VALLEY,SACRAMENTO VALLEY - BUTTE,54.192287,1198613
EEMETRIC,2015-03-01,5-021.52,5-021,SACRAMENTO VALLEY,SACRAMENTO VALLEY - COLUSA,54.517452,3249397
EEMETRIC,2015-03-01,5-021.51,5-021,SACRAMENTO VALLEY,SACRAMENTO VALLEY - CORNING,56.40308,932334
EEMETRIC,2015-03-01,5-021.56,5-021,SACRAMENTO VALLEY,SACRAMENTO VALLEY - LOS MOLINOS,30.759451,447052
EEMETRIC,2015-03-01,5-021.64,5-021,SACRAMENTO VALLEY,SACRAMENTO VALLEY - NORTH AMERICAN,62.940746,1537859
EEMETRIC,2015-03-01,5-021.60,5-021,SACRAMENTO VALLEY,SACRAMENTO VALLEY - NORTH YUBA,59.668484,273411
EEMETRIC,2015-03-01,5-021.50,5-021,SACRAMENTO VALLEY,SACRAMENTO VALLEY - RED BLUFF,57.336478,1221707
EEMETRIC,2015-03-01,5-021.66,5-021,SACRAMENTO VALLEY,SACRAMENTO VALLEY - SOLANO,70.047776,1592204
EEMETRIC,2015-03-01,5-021.65,5-021,SACRAMENTO VALLEY,SACRAMENTO VALLEY - SOUTH AMERICAN,61.640384,1116954
EEMETRIC,2015-03-01,5-021.61,5-021,SACRAMENTO VALLEY,SACRAMENTO VALLEY - SOUTH YUBA,61.587183,490205
EEMETRIC,2015-03-01,5-021.62,5-021,SACRAMENTO VALLEY,SACRAMENTO VALLEY - SUTTER,53.458947,1284594
EEMETRIC,2015-03-01,5-021.57,5-021,SACRAMENTO VALLEY,SACRAMENTO VALLEY - VINA,48.480809,831432
EEMETRIC,2015-03-01,5-021.69,5-021,SACRAMENTO VALLEY,SACRAMENTO VALLEY - WYANDOTTE CREEK,64.498279,266977
EEMETRIC,2015-03-01,5-021.67,5-021,SACRAMENTO VALLEY,SACRAMENTO VALLEY - YOLO,62.816193,2430974
EEMETRIC,2015-03-01,3-004.01,3-004,SALINAS VALLEY,SALINAS VALLEY - 180/400 FOOT AQUIFER,60.700092,402463
EEMETRIC,2015-03-01,3-004.11,3-004,SALINAS VALLEY,SALINAS VALLEY - ATASCADERO AREA,79.132012,88757
EEMETRIC,2015-03-01,3-004.02,3-004,SALINAS VALLEY,SALINAS VALLEY - EAST SIDE AQUIFER,52.787661,258455
EEMETRIC,2015-03-01,3-004.04,3-004,SALINAS VALLEY,SALINAS VALLEY - FOREBAY AQUIFER,51.471367,422898
EEMETRIC,2015-03-01,3-004.09,3-004,SALINAS VALLEY,SALINAS VALLEY - LANGLEY AREA,76.031707,79099
EEMETRIC,2015-03-01,3-004.10,3-004,SALINAS VALLEY,SALINAS VALLEY - MONTEREY,57.377631,138524
EEMETRIC,2015-03-01,3-004.06,3-004,SALINAS VALLEY,SALINAS VALLEY - PASO ROBLES AREA,51.535328,1961133
EEMETRIC,2015-03-01,3-004.08,3-004,SALINAS VALLEY,SALINAS VALLEY - SEASIDE,50.014269,65106
EEMETRIC,2015-03-01,3-004.05,3-004,SALINAS VALLEY,SALINAS VALLEY - UPPER VALLEY AQUIFER,74.318397,1070293
EEMETRIC,2015-03-01,6-017,6-017,SALINE VALLEY,SALINE VALLEY,5.229285,656708
EEMETRIC,2015-03-01,6-053,6-053,SALT WELLS VALLEY,SALT WELLS VALLEY,5.161011,132519
EEMETRIC,2015-03-01,3-014,3-014,SAN ANTONIO CREEK VALLEY,SAN ANTONIO CREEK VALLEY,45.008907,303230
EEMETRIC,2015-03-01,3-028,3-028,SAN BENITO RIVER VALLEY,SAN BENITO RIVER VALLEY,50.206546,108949
EEMETRIC,2015-03-01,3-033,3-033,SAN CARPOFORO VALLEY,SAN CARPOFORO VALLEY,71.402316,4663
EEMETRIC,2015-03-01,9-015,9-015,SAN DIEGO RIVER VALLEY,SAN DIEGO RIVER VALLEY,55.721509,38030
EEMETRIC,2015-03-01,9-012,9-012,SAN DIEGUITO CREEK,SAN DIEGUITO CREEK,90.232193,15457
EEMETRIC,2015-03-01,9-023,9-023,SAN ELIJO VALLEY,SAN ELIJO VALLEY,97.463845,3969
EEMETRIC,2015-03-01,7-027,7-027,SAN FELIPE VALLEY,SAN FELIPE VALLEY,23.344569,105140
EEMETRIC,2015-03-01,4-012,4-012,SAN FERNANDO VALLEY,SAN FERNANDO VALLEY,36.050334,651275
EEMETRIC,2015-03-01,4-013,4-013,SAN GABRIEL VALLEY,SAN GABRIEL VALLEY,43.487399,568282
EEMETRIC,2015-03-01,2-024,2-024,SAN GREGORIO VALLEY,SAN GREGORIO VALLEY,70.632242,4764
EEMETRIC,2015-03-01,8-005,8-005,SAN JACINTO,SAN JACINTO,48.934965,712674
EEMETRIC,2015-03-01,5-022.05,5-022,SAN JOAQUIN VALLEY,SAN JOAQUIN VALLEY - CHOWCHILLA,69.98617,654608
EEMETRIC,2015-03-01,5-022.16,5-022,SAN JOAQUIN VALLEY,SAN JOAQUIN VALLEY - COSUMNES,77.186546,945540
EEMETRIC,2015-03-01,5-022.07,5-022,SAN JOAQUIN VALLEY,SAN JOAQUIN VALLEY - DELTA-MENDOTA,58.55952,3439542
EEMETRIC,2015-03-01,5-022.19,5-022,SAN JOAQUIN VALLEY,SAN JOAQUIN VALLEY - EAST CONTRA COSTA,62.497987,483605
EEMETRIC,2015-03-01,5-022.01,5-022,SAN JOAQUIN VALLEY,SAN JOAQUIN VALLEY - EASTERN SAN JOAQUIN,60.986838,3438131
EEMETRIC,2015-03-01,5-022.11,5-022,SAN JOAQUIN VALLEY,SAN JOAQUIN VALLEY - KAWEAH,80.212563,1981854
EEMETRIC,2015-03-01,5-022.14,5-022,SAN JOAQUIN VALLEY,SAN JOAQUIN VALLEY - KERN COUNTY,50.823973,8013517
EEMETRIC,2015-03-01,5-022.17,5-022,SAN JOAQUIN VALLEY,SAN JOAQUIN VALLEY - KETTLEMAN PLAIN,27.380374,286610
EEMETRIC,2015-03-01,5-022.08,5-022,SAN JOAQUIN VALLEY,SAN JOAQUIN VALLEY - KINGS,61.17241,4410119
EEMETRIC,2015-03-01,5-022.06,5-022,SAN JOAQUIN VALLEY,SAN JOAQUIN VALLEY - MADERA,55.601661,1562954
EEMETRIC,2015-03-01,5-022.04,5-022,SAN JOAQUIN VALLEY,SAN JOAQUIN VALLEY - MERCED,56.648945,2304228
EEMETRIC,2015-03-01,5-022.02,5-022,SAN JOAQUIN VALLEY,SAN JOAQUIN VALLEY - MODESTO,63.894604,1099862
EEMETRIC,2015-03-01,5-022.10,5-022,SAN JOAQUIN VALLEY,SAN JOAQUIN VALLEY - PLEASANT VALLEY,14.831523,216677
EEMETRIC,2015-03-01,5-022.15,5-022,SAN JOAQUIN VALLEY,SAN JOAQUIN VALLEY - TRACY,69.327314,1070189
EEMETRIC,2015-03-01,5-022.12,5-022,SAN JOAQUIN VALLEY,SAN JOAQUIN VALLEY - TULARE LAKE,66.550815,2406429
EEMETRIC,2015-03-01,5-022.13,5-022,SAN JOAQUIN VALLEY,SAN JOAQUIN VALLEY - TULE,70.299402,2145560
EEMETRIC,2015-03-01,5-022.03,5-022,SAN JOAQUIN VALLEY,SAN JOAQUIN VALLEY - TURLOCK,66.543287,1564645
EEMETRIC,2015-03-01,5-022.09,5-022,SAN JOAQUIN VALLEY,SAN JOAQUIN VALLEY - WESTSIDE,42.507763,2797331
EEMETRIC,2015-03-01,5-022.18,5-022,SAN JOAQUIN VALLEY,SAN JOAQUIN VALLEY - WHITE WOLF,48.307657,483575
EEMETRIC,2015-03-01,9-001,9-001,SAN JUAN VALLEY,SAN JUAN VALLEY,73.921029,73255
EEMETRIC,2015-03-01,3-009,3-009,SAN LUIS OBISPO VALLEY,SAN LUIS OBISPO VALLEY,53.831932,57221
EEMETRIC,2015-03-01,9-007.02,9-007,SAN LUIS REY VALLEY,SAN LUIS REY VALLEY - LOWER SAN LUIS REY VALLEY,68.149735,46175
EEMETRIC,2015-03-01,9-007.01,9-007,SAN LUIS REY VALLEY,SAN LUIS REY VALLEY - UPPER SAN LUIS REY VALLEY,86.764711,86515
EEMETRIC,2015-03-01,9-032,9-032,SAN MARCOS AREA,SAN MARCOS AREA,43.534714,9564
EEMETRIC,2015-03-01,9-002,9-002,SAN MATEO VALLEY,SAN MATEO VALLEY,78.878599,13023
EEMETRIC,2015-03-01,9-003,9-003,SAN ONOFRE VALLEY,SAN ONOFRE VALLEY,93.944977,5216
EEMETRIC,2015-03-01,9-010,9-010,SAN PASQUAL VALLEY,SAN PASQUAL VALLEY,86.011705,15720
EEMETRIC,2015-03-01,2-036,2-036,SAN PEDRO VALLEY,SAN PEDRO VALLEY,49.252441,2765
EEMETRIC,2015-03-01,2-029,2-029,SAN RAFAEL VALLEY,SAN RAFAEL VALLEY,21.763479,3932
EEMETRIC,2015-03-01,2-007,2-007,SAN RAMON VALLEY,SAN RAMON VALLEY,52.493873,31745
EEMETRIC,2015-03-01,3-035,3-035,SAN SIMEON VALLEY,SAN SIMEON VALLEY,113.582338,2344
EEMETRIC,2015-03-01,2-027,2-027,SAND POINT AREA,SAND POINT AREA,76.816518,100075
EEMETRIC,2015-03-01,1-053,1-053,SANEL VALLEY,SANEL VALLEY,57.149779,25057
EEMETRIC,2015-03-01,3-022,3-022,SANTA ANA VALLEY,SANTA ANA VALLEY,62.625439,12249
EEMETRIC,2015-03-01,3-017,3-017,SANTA BARBARA,SANTA BARBARA,67.691601,26897
EEMETRIC,2015-03-01,4-004.05,4-004,SANTA CLARA RIVER VALLEY,SANTA CLARA RIVER VALLEY - FILLMORE,74.823917,101526
EEMETRIC,2015-03-01,4-004.03,4-004,SANTA CLARA RIVER VALLEY,SANTA CLARA RIVER VALLEY - MOUND,57.14103,61597
EEMETRIC,2015-03-01,4-004.02,4-004,SANTA CLARA RIVER VALLEY,SANTA CLARA RIVER VALLEY - OXNARD,69.152499,250493
EEMETRIC,2015-03-01,4-004.06,4-004,SANTA CLARA RIVER VALLEY,SANTA CLARA RIVER VALLEY - PIRU,45.557603,49008
EEMETRIC,2015-03-01,4-004.07,4-004,SANTA CLARA RIVER VALLEY,SANTA CLARA RIVER VALLEY - SANTA CLARA RIVER VALLEY EAST,51.900084,303266
EEMETRIC,2015-03-01,4-004.04,4-004,SANTA CLARA RIVER VALLEY,SANTA CLARA RIVER VALLEY - SANTA PAULA,74.311581,99438
EEMETRIC,2015-03-01,2-009.04,2-009,SANTA CLARA VALLEY,SANTA CLARA VALLEY - EAST BAY PLAIN,31.357081,319650
EEMETRIC,2015-03-01,2-009.01,2-009,SANTA CLARA VALLEY,SANTA CLARA VALLEY - NILES CONE,47.290605,293240
EEMETRIC,2015-03-01,2-009.03,2-009,SANTA CLARA VALLEY,SANTA CLARA VALLEY - SAN MATEO PLAIN,54.429608,170041
EEMETRIC,2015-03-01,2-009.02,2-009,SANTA CLARA VALLEY,SANTA CLARA VALLEY - SANTA CLARA,44.815029,849924
EEMETRIC,2015-03-01,3-001,3-001,SANTA CRUZ MID-COUNTY,SANTA CRUZ MID-COUNTY,68.58959,159957
EEMETRIC,2015-03-01,3-027,3-027,SANTA MARGARITA,SANTA MARGARITA,67.829943,100049
EEMETRIC,2015-03-01,9-004,9-004,SANTA MARGARITA VALLEY,SANTA MARGARITA VALLEY,82.283964,22369
EEMETRIC,2015-03-01,3-012.02,3-012,SANTA MARIA RIVER VALLEY,SANTA MARIA RIVER VALLEY - ARROYO GRANDE,58.004223,13025
EEMETRIC,2015-03-01,3-012.01,3-012,SANTA MARIA RIVER VALLEY,SANTA MARIA RIVER VALLEY - SANTA MARIA,49.891418,762121
EEMETRIC,2015-03-01,9-011,9-011,SANTA MARIA VALLEY,SANTA MARIA VALLEY,70.313187,55261
EEMETRIC,2015-03-01,6-068,6-068,SANTA ROSA FLAT,SANTA ROSA FLAT,3.124758,75450
EEMETRIC,2015-03-01,3-036,3-036,SANTA ROSA VALLEY,SANTA ROSA VALLEY,101.708824,15379
EEMETRIC,2015-03-01,1-055.02,1-055,SANTA ROSA VALLEY,SANTA ROSA VALLEY - HEALDSBURG AREA,38.805859,69295
EEMETRIC,2015-03-01,1-055.03,1-055,SANTA ROSA VALLEY,SANTA ROSA VALLEY - RINCON VALLEY,45.907685,24958
EEMETRIC,2015-03-01,1-055.01,1-055,SANTA ROSA VALLEY,SANTA ROSA VALLEY - SANTA ROSA PLAIN,53.197795,365509
EEMETRIC,2015-03-01,3-015,3-015,SANTA YNEZ RIVER VALLEY,SANTA YNEZ RIVER VALLEY,57.265102,911556
EEMETRIC,2015-03-01,1-005,1-005,SCOTT RIVER VALLEY,SCOTT RIVER VALLEY,68.085527,286949
EEMETRIC,2015-03-01,5-014,5-014,SCOTTS VALLEY,SCOTTS VALLEY,57.346377,32456
EEMETRIC,2015-03-01,6-052,6-052,SEARLES VALLEY,SEARLES VALLEY,7.217483,885853
EEMETRIC,2015-03-01,6-100,6-100,SECRET VALLEY,SECRET VALLEY,29.018687,151387
EEMETRIC,2015-03-01,1-016,1-016,SEIAD VALLEY,SEIAD VALLEY,55.098367,10105
EEMETRIC,2015-03-01,8-008,8-008,SEVEN OAKS VALLEY,SEVEN OAKS VALLEY,70.194643,18331
EEMETRIC,2015-03-01,1-004,1-004,SHASTA VALLEY,SHASTA VALLEY,60.916589,981070
EEMETRIC,2015-03-01,1-042,1-042,SHERWOOD VALLEY,SHERWOOD VALLEY,76.548655,5169
EEMETRIC,2015-03-01,5-012.02,5-012,SIERRA VALLEY,SIERRA VALLEY - CHILCOOT,29.438936,33948
EEMETRIC,2015-03-01,5-012.01,5-012,SIERRA VALLEY,SIERRA VALLEY - SIERRA VALLEY,51.043618,527445
EEMETRIC,2015-03-01,6-034,6-034,SILVER LAKE VALLEY,SILVER LAKE VALLEY,4.837079,158273
EEMETRIC,2015-03-01,4-009,4-009,SIMI VALLEY,SIMI VALLEY,30.458866,54663
EEMETRIC,2015-03-01,6-105,6-105,SLINKARD VALLEY,SLINKARD VALLEY,41.54349,20269
EEMETRIC,2015-03-01,1-001,1-001,SMITH RIVER PLAIN,SMITH RIVER PLAIN,67.040695,174418
EEMETRIC,2015-03-01,6-033,6-033,SODA LAKE VALLEY,SODA LAKE VALLEY,9.865756,1694751
EEMETRIC,2015-03-01,2-037,2-037,SOUTH SAN FRANCISCO,SOUTH SAN FRANCISCO,30.403166,9790
EEMETRIC,2015-03-01,6-082,6-082,SPRING CANYON VALLEY,SPRING CANYON VALLEY,3.389131,21584
EEMETRIC,2015-03-01,5-089,5-089,SQUAW FLAT,SQUAW FLAT,68.972131,5813
EEMETRIC,2015-03-01,5-088,5-088,STONY GORGE RESERVOIR,STONY GORGE RESERVOIR,43.206349,4788
EEMETRIC,2015-03-01,5-063,5-063,STONYFORD TOWN AREA,STONYFORD TOWN AREA,35.012537,28955
EEMETRIC,2015-03-01,2-003,2-003,SUISUN-FAIRFIELD VALLEY,SUISUN-FAIRFIELD VALLEY,65.338545,600178
EEMETRIC,2015-03-01,2-011,2-011,SUNOL VALLEY,SUNOL VALLEY,80.188514,74769
EEMETRIC,2015-03-01,6-049,6-049,SUPERIOR VALLEY,SUPERIOR VALLEY,8.928945,541018
EEMETRIC,2015-03-01,6-001,6-001,SURPRISE VALLEY,SURPRISE VALLEY,45.040667,1026748
EEMETRIC,2015-03-01,6-107,6-107,SWEETWATER FLAT,SWEETWATER FLAT,53.251586,17966
EEMETRIC,2015-03-01,6-005.03,6-005,TAHOE VALLEY,TAHOE VALLEY - TAHOE NORTH,101.044596,8678
EEMETRIC,2015-03-01,6-005.01,6-005,TAHOE VALLEY,TAHOE VALLEY - TAHOE SOUTH,81.031324,65254
EEMETRIC,2015-03-01,6-005.02,6-005,TAHOE VALLEY,TAHOE VALLEY - TAHOE WEST,98.379698,27751
EEMETRIC,2015-03-01,6-045,6-045,TEHACHAPI VALLEY EAST,TEHACHAPI VALLEY EAST,24.608824,107113
EEMETRIC,2015-03-01,5-028,5-028,TEHACHAPI VALLEY WEST,TEHACHAPI VALLEY WEST,29.803828,63220
EEMETRIC,2015-03-01,9-005,9-005,TEMECULA VALLEY,TEMECULA VALLEY,61.506135,394537
EEMETRIC,2015-03-01,1-040,1-040,TEN MILE RIVER VALLEY,TEN MILE RIVER VALLEY,84.559003,6703
EEMETRIC,2015-03-01,7-026,7-026,TERWILLIGER VALLEY,TERWILLIGER VALLEY,45.025175,36068
EEMETRIC,2015-03-01,4-019,4-019,THOUSAND OAKS AREA,THOUSAND OAKS AREA,41.904237,13972
EEMETRIC,2015-03-01,4-015,4-015,TIERRA REJADA,TIERRA REJADA,56.227816,20679
EEMETRIC,2015-03-01,5-037,5-037,TOAD WELL AREA,TOAD WELL AREA,56.381845,15103
EEMETRIC,2015-03-01,3-040,3-040,TORO VALLEY,TORO VALLEY,72.051314,3235
EEMETRIC,2015-03-01,6-098,6-098,TULEDAD CANYON VALLEY,TULEDAD CANYON VALLEY,25.383973,23111
EEMETRIC,2015-03-01,7-010,7-010,TWENTYNINE PALMS VALLEY,TWENTYNINE PALMS VALLEY,5.026799,279940
EEMETRIC,2015-03-01,1-052,1-052,UKIAH VALLEY,UKIAH VALLEY,63.852054,168751
EEMETRIC,2015-03-01,6-022,6-022,UPPER KINGSTON VALLEY,UPPER KINGSTON VALLEY,19.021435,794700
EEMETRIC,2015-03-01,5-013,5-013,UPPER LAKE VALLEY,UPPER LAKE VALLEY,53.628586,32659
EEMETRIC,2015-03-01,6-042,6-042,UPPER MOJAVE RIVER VALLEY,UPPER MOJAVE RIVER VALLEY,12.724368,1838189
EEMETRIC,2015-03-01,4-001,4-001,UPPER OJAI VALLEY,UPPER OJAI VALLEY,76.585266,17117
EEMETRIC,2015-03-01,3-023,3-023,UPPER SANTA ANA VALLEY,UPPER SANTA ANA VALLEY,42.972201,6439
EEMETRIC,2015-03-01,8-002.05,8-002,UPPER SANTA ANA VALLEY,UPPER SANTA ANA VALLEY - CAJON,53.909744,104060
EEMETRIC,2015-03-01,8-002.01,8-002,UPPER SANTA ANA VALLEY,UPPER SANTA ANA VALLEY - CHINO,45.413515,690943
EEMETRIC,2015-03-01,8-002.02,8-002,UPPER SANTA ANA VALLEY,UPPER SANTA ANA VALLEY - CUCAMONGA,51.375739,40576
EEMETRIC,2015-03-01,8-002.04,8-002,UPPER SANTA ANA VALLEY,UPPER SANTA ANA VALLEY - RIALTO-COLTON,40.627246,111497
EEMETRIC,2015-03-01,8-002.03,8-002,UPPER SANTA ANA VALLEY,UPPER SANTA ANA VALLEY - RIVERSIDE-ARLINGTON,42.649115,253473
EEMETRIC,2015-03-01,8-002.06,8-002,UPPER SANTA ANA VALLEY,UPPER SANTA ANA VALLEY - SAN BERNARDINO,41.824283,415589
EEMETRIC,2015-03-01,8-002.08,8-002,UPPER SANTA ANA VALLEY,UPPER SANTA ANA VALLEY - SAN TIMOTEO,49.308842,145042
EEMETRIC,2015-03-01,8-002.09,8-002,UPPER SANTA ANA VALLEY,UPPER SANTA ANA VALLEY - TEMESCAL,54.969611,103262
EEMETRIC,2015-03-01,8-002.07,8-002,UPPER SANTA ANA VALLEY,UPPER SANTA ANA VALLEY - YUCAIPA,46.692656,99901
EEMETRIC,2015-03-01,7-028,7-028,VALLECITO-CARRIZO VALLEY,VALLECITO-CARRIZO VALLEY,4.271311,547711
EEMETRIC,2015-03-01,5-071,5-071,VALLECITOS CREEK VALLEY,VALLECITOS CREEK VALLEY,5.251656,67930
EEMETRIC,2015-03-01,7-063,7-063,VANDEVENTER FLAT,VANDEVENTER FLAT,67.087104,30274
EEMETRIC,2015-03-01,4-003.02,4-003,VENTURA RIVER VALLEY,VENTURA RIVER VALLEY - LOWER VENTURA RIVER,67.813067,21489
EEMETRIC,2015-03-01,4-003.01,4-003,VENTURA RIVER VALLEY,VENTURA RIVER VALLEY - UPPER VENTURA RIVER,84.559287,23732
EEMETRIC,2015-03-01,7-042,7-042,VIDAL VALLEY,VIDAL VALLEY,0.728559,618941
EEMETRIC,2015-03-01,3-037,3-037,VILLA VALLEY,VILLA VALLEY,74.85128,6092
EEMETRIC,2015-03-01,2-032,2-032,VISITACION VALLEY,VISITACION VALLEY,36.533733,25850
EEMETRIC,2015-03-01,5-026,5-026,WALKER BASIN CREEK VALLEY,WALKER BASIN CREEK VALLEY,56.611321,34468
EEMETRIC,2015-03-01,7-003,7-003,WARD VALLEY,WARD VALLEY,0.227113,2451246
EEMETRIC,2015-03-01,9-008,9-008,WARNER VALLEY,WARNER VALLEY,74.39871,107755
EEMETRIC,2015-03-01,7-012,7-012,WARREN VALLEY,WARREN VALLEY,16.060694,78245
EEMETRIC,2015-03-01,1-031,1-031,WEOTT TOWN AREA,WEOTT TOWN AREA,88.756622,16423
EEMETRIC,2015-03-01,7-022,7-022,WEST SALTON SEA,WEST SALTON SEA,3.052359,473862
EEMETRIC,2015-03-01,3-026,3-026,WEST SANTA CRUZ TERRACE,WEST SANTA CRUZ TERRACE,65.707117,30012
EEMETRIC,2015-03-01,2-035,2-035,WESTSIDE,WESTSIDE,38.838773,111650
EEMETRIC,2015-03-01,6-073,6-073,WILD HORSE MESA AREA,WILD HORSE MESA AREA,4.970923,14926
EEMETRIC,2015-03-01,6-075,6-075,WILDROSE CANYON,WILDROSE CANYON,16.666925,23181
EEMETRIC,2015-03-01,1-043,1-043,WILLIAMS VALLEY,WILLIAMS VALLEY,78.441967,7401
EEMETRIC,2015-03-01,6-003,6-003,WILLOW CREEK VALLEY,WILLOW CREEK VALLEY,63.149841,52589
EEMETRIC,2015-03-01,1-059,1-059,WILSON GROVE FORMATION HIGHLANDS,WILSON GROVE FORMATION HIGHLANDS,73.744441,286869
EEMETRIC,2015-03-01,1-062,1-062,WILSON POINT AREA,WILSON POINT AREA,93.080363,3198
EEMETRIC,2015-03-01,6-019,6-019,WINGATE VALLEY,WINGATE VALLEY,5.336982,320536
EEMETRIC,2015-03-01,7-056,7-056,YAQUI WELL AREA,YAQUI WELL AREA,6.793132,67265
EEMETRIC,2015-03-01,5-056,5-056,YELLOW CREEK VALLEY,YELLOW CREEK VALLEY,52.760443,10390
EEMETRIC,2015-03-01,2-006,2-006,YGNACIO VALLEY,YGNACIO VALLEY,41.298914,69545
EEMETRIC,2015-03-01,5-069,5-069,YOSEMITE VALLEY,YOSEMITE VALLEY,62.659794,33512
EEMETRIC,2015-03-01,7-036,7-036,YUMA VALLEY,YUMA VALLEY,14.480986,536338
